4091631943
3020621920
6039107404
6198042585
4299066179
9848531105
9306228743
2602491289
9625035966
8360830848
5401165742
3670515122
5636280459
1617080274
2685834552
5876775067
2462140382
7475671896
6631519553
6720568826
5541961385
4312016746
8391456727
3157524804
1858300896
8493469408
6296112851
7386790349
4112917200
9554945039
2524527482
2787117326
1754268017
3107686808
3169531487
6660483284
4259530069
4642450652
4576703301
1637016859
3266746651
1183247423
1050028110
5626805143
6623922942
7354257161
2076870255
8234435308
3766508727
5522073039
1438732184
7534809809
4044617029
6539537492
2823074119
6687436865
1926304364
5163814850
5455482399
1087773779
7877874316
9674534462
9029572468
8459046376
9911146408
7921525002
5200826998
8579668226
6751673184
6374727294
5866807248
7101858979
7138266407
3988827415
5828392867
9055598218
9210984507
7037603940
5964968571
3154305965
4219092177
4848478834
3267046956
5204716987
4161327998
6588904918
1199839883
1960529710
6100162253
5270672981
8693508360
4854009701
7540193125
6048089784
3450094109
6279459412
5177956086
6222121836
5533355894
8762942535
1793546169
8782706622
4072984450
3366698877
8184850607
6450053681
3192357628
1345798961
5099538627
7153463840
5797987094
6532663268
2111307356
1680558790
8137546936
4047873965
9902680683
3474699502
1618257438
9617732717
4073964932
5300049322
2325952354
3711336335
9374545479
6381652244
4128860984
2460226470
8396146493
3847395321
8517059550
7416926859
3002962858
4951496280
6032189939
7011055570
1206460301
4050250328
9908251793
5488832199
4475580091
6345247486
2045456022
6385256587
5664631002
6704522989
4988547250
1991270115
1170986798
2056578829
9729211617
4133352058
3807783873
5262196636
7434497565
7779893796
4681891911
5563595463
7309758151
7594739870
1368941724
6235714040
2259370855
7705262346
8372891714
7105412400
9015169909
2516659890
4224880216
4961000969
7988025199
4330809980
6087315266
9306299197
1249053192
3199039443
9903995734
2714202475
5202616080
7479764468
8722131421
5231081392
6278266814
2179091360
2190353234
7904215296
7607161196
7561518313
6115285773
2612071011
5593411785
8984705607
4574481699
7758781821
6355041654
2714905730
8136114014
1530541399
1082363363
1479571043
3251757208
9435948222
8044049555
9040479979
3941749861
4058595907
6954693663
9310462570
9365282458
2458066213
6323705397
8999662757
2149394612
4566136434
1281799607
4751250499
8528520042
2544268062
1155966582
6648118393
7427127945
9697040425
4029965185
2419741094
9333811314
7493616753
1047732657
7269967603
4425519454
3047047191
2560370342
3394322948
5696959526
4427353693
6082820281
3090005623
7362931327
6685077027
9160221435
2712626101
3033591832
3428088322
5352428229
4991059142
6283774463
5292890747
1715990426
9780203392
7231904135
6673791710
4966848741
4888754517
2292093493
1734451747
1757135113
1278421236
3808094164
1070903029
3029687604
7183629490
7711805937
8624864505
9048730386
4464899388
7305938368
8087770890
2263124644
1099106370
9428271744
9073922143
7030182033
1507721602
7738152430
4485828724
7348672489
9612211055
8627545724
9542289928
9340073341
5722528939
3819341758
5607448619
2253475609
9901621299
1857080442
9958272190
8188448713
8054443739
4987195510
9787130848
4539408563
5493224804
7549257105
1516026809
5449039560
2087577581
1691206568
3311548188
1500845314
6968615696
1600626565
5670131301
8518635183
7272763652
4711373821
5426959986
9969463099
2283954210
2262146719
9293273802
7451966057
1701848032
1851635295
7450987272
5562364794
6187460445
4744766041
2442088668
6952620358
7264239759
6465922725
3685825293
3534805866
3272573893
4624430066
6390334035
8889530291
7679732193
2758176931
3311923297
5473366097
2482945468
3582382361
8571084784
5213147254
1216117736
6529290718
1549138212
3808818443
3953951801
8329354667
7203182288
5652492019
3081028088
7808663900
6708173670
4170485400
4511334177
6692121848
9980330435
8705861547
7085375260
6787841198
2632385123
5236686180
9895523270
7513935866
4544476003
2522502151
2847083482
2728173221
7699931990
3564005238
1668054228
6361842820
8363360469
4484317250
4270879262
3794950145
1325168811
1908496927
5668896822
7771804983
6389816411
2062518365
4364891539
8885355391
3037286631
2873962932
1588302870
4807354226
8257210730
3948726862
6766771372
8802344147
9685927957
1271592957
2829290405
6161080387
1570654930
5311308452
5932183630
4496223003
5365058241
4716947573
5152804763
5911285116
8855333646
4703219817
8858855181
1746070365
7584849382
7872140021
5638357771
9517616078
5107488918
8232646988
1841851274
7625110885
9907820871
8159970655
3305471526
4676845873
5193976838
6474853619
7332255490
9674409376
2944421179
9392602796
9110523387
7256283208
2454006868
1919670787
6883668952
6248848633
4802702912
6552859984
8542591759
1370684575
2520203892
7862370708
7373220363
7919070210
6518716454
3856823844
1224845264
8936986650
3450277912
2479279202
6601370851
9529368632
9412866439
5714408728
8550412391
9360147782
6912967189
7443077277
6529093201
6843597893
4498446759
2855802709
9187285118
2870684096
8424941253
6417684079
5988653093
9454284285
4616683151
7737915669
9700401529
6049939236
6759878920
1135054605
3503857630
5491068339
2096880451
6347096858
2323461331
9898183227
6522456585
1123664265
1946036919
8155957039
7291494129
1936163756
2772570824
4322143273
2251167735
2795101584
6670164867
5219125940
7084420323
3348875170
6923611124
6618818064
9185771096
5955452285
1474450991
4631937049
7776752107
6781934081
7857359172
7677392587
7083034861
5934837823
5955942442
4726876141
8750924040
4743256347
9820577520
2868361676
2527041959
2716316669
2689947963
8306186060
3922724789
1642401956
8073446334
8010956365
6344488251
1700936173
8901538816
9334365059
9013878359
1529509112
8576002271
6197047510
4411360281
8238940815
5474880175
5231687393
4702091386
9524373983
8397715464
4293763000
9497990881
6936127732
6977361112
8985402466
2690185089
4967585039
4426734575
3178431355
4231761314
5643866949
3449764418
2988600636
6481903972
3627214323
4922510504
9009189266
8287300989
7416627199
4409542856
5127604653
5289225293
9555074146
7643936329
9130080678
4354568228
8809555860
2505577470
8708965729
4992283258
7331442623
4570298220
1635058062
2816402325
5127311346
2919631411
9873361868
7312015468
4798988273
4680243042
5997296896
8106815278
1644318985
7924575751
5471240681
2165417966
9798198431
6925154027
1462266446
7440781228
3701902431
7385312306
2214757469
6253388594
1160975753
2790782679
5070721340
9937025299
3327123192
1982967927
4573593635
7991293718
9836096451
7478668134
9245785927
2469217063
6352233337
7997000495
7986120807
7547438634
8200727376
3023377187
4105587884
8373149317
4506333869
1428775497
1522622607
4168530347
2805626257
2283046356
6225867293
1801027185
1592650792
8892156028
7748804025
9826791074
9907195280
2903475559
1306063374
6247849180
9373105821
2394337677
1622980960
5223081852
4430733085
1296638086
3221688722
6457755600
4702452086
1607000082
6958583039
1239273652
3631970936
3479048994
1453749001
7185117359
1316439105
6033388740
6017443939
5326774873
6481128374
6665181105
2224693099
3322046641
9071378313
9151853740
8174879278
2412686017
1473647586
1165553537
1601311733
4097962572
8797984975
8008349880
4686714354
6047168496
7525518711
5233990419
2924928183
7293760243
7516774476
5202446559
6915623271
3137440360
3844683724
7950511103
9072635438
2691717022
4898591971
7792130957
8922153303
9218882091
5703604199
5446502912
2680184287
9059856192
5529450804
6718289426
7053409861
1406544631
7517243248
6243005490
1458094948
4432903767
8263385328
1612672252
4676937914
3844447215
3539146300
3103321893
6474298099
1045300087
4741689434
4795520113
9309217167
6825478708
3301217185
5533413710
2961386070
3097872368
4152398860
5486565464
7162999174
3921818816
6071663816
6370776175
8507990043
2200060584
5906331158
3044328998
4745076953
7276082674
4957967606
4174009842
3943488833
3882126807
1276671202
9851400744
5868212279
8437005327
1220426067
7725703687
9654411336
6840092566
6330896744
7403764309
1147144859
5149751266
8443324507
9165530169
1696161408
4560894098
5104513670
1594855549
4720062105
5366428229
2159886589
2747682309
3648273169
5215261552
2871354648
3238852698
2596120410
3638531312
1317267909
3669351504
2983774113
9037617733
4764615171
9526516192
5671797815
1133370067
8999047811
8789313730
1469783210
1856361509
8791418438
5456137833
4171197454
6286635061
7570954716
1875213397
5298329602
5989090526
1757348888
5944321947
3016539898
7263563307
7367624612
6646681309
9040999723
1226453613
3616259834
1986461981
4734227555
5603354209
3248848527
1836954684
4107450589
6206193761
2983982679
8683376709
8318080418
2764488595
9498669975
4929471028
9108029332
9538755018
3215872423
6909094510
7416512099
1057152647
4466786775
6706467054
8301538762
5197003179
2434218099
2480133765
3279861688
9086965459
5150056670
1921675901
6401369212
7062136816
6306364807
3081883884
9115177831
2736542143
9755266084
7014156278
9884711782
1564791232
8009421712
7662638310
9358807853
1510595256
1489891527
3212860475
2314744532
9987030916
3927048796
6967452880
1971393210
7104946767
5909570259
8527102274
9566408548
3310508539
4984145097
9658971477
9647611399
4934498426
4248356347
6374032273
1145612122
7683320361
7408189542
8446360297
3118073150
5201213304
3440323306
1045099355
2393050126
9523170146
1326503724
5454934245
2984294885
1231357571
1225940290
6213712043
2406190363
6173107587
8258101222
9029798762
1468121409
9416190044
5802026291
8913588260
4412633113
9820426307
8245168725
3921815453
3395943905
1074127882
4787002979
9413735569
2895921573
1181898761
7793263325
1437887324
6825142398
3258509205
4976695844
5972284837
1088340119
3198409690
1266125383
3533983500
1768355594
7330093380
3268317655
1971861901
3059857665
3416767978
3821542520
6816315425
4976772850
1845402712
7133680255
3240285214
2812326273
7998743733
6378614900
1509165949
4690342670
2172214857
6773834478
7221985803
4319002277
6454412281
1228565370
4888207742
1950925093
9052784045
2522490508
6975292718
2018122857
9330134472
5383074823
3538934852
9129449039
9273562374
6445099672
1785617017
4165226367
8336757010
1441675976
5091928519
9225249572
7665871451
2517396048
7341329666
2630736357
7267963224
6809843429
3710345432
5267718512
1611404449
9851518361
4016684175
1908680138
3641971309
9682385940
7299180571
2367814045
1853708972
6319339154
4936579849
9921111019
6871042595
6021298882
1274212929
1913887980
6097997009
6861741249
1243331650
4077448681
8828993245
4093628217
5601481946
7977943996
6556710190
3593703552
3228047199
1999990675
6135735570
4072879099
9198947644
1663975115
4917576660
2112843506
3184896258
2043576176
2048573358
4528965907
8930867685
4207870319
8072187668
3573893865
9336301899
2351153967
9378589396
8861480168
1654200756
7856888767
6684988466
8424906662
1868137995
4089456051
5984199162
6206930428
4285792638
4130930114
6236336770
8437039445
9453843153
2234483853
2114477932
7078567841
5058850052
8881344488
7882595088
3251674115
7126459731
9703414853
5604955248
8326361694
6013671744
5251491706
9728779976
7536756536
9401074943
1126522644
6269231339
7205556448
6097855212
1951189479
8103031402
1565897097
6773377144
5133091907
8454248569
4676786106
8244337944
4502051842
6468704367
4799416395
8521126219
7081231847
4248901460
8023587159
1837204589
8200661124
1974936667
9230431608
7666348457
7847520152
6208070458
2210103559
5705315495
8057602212
3359820152
9694519652
9665309420
8707265224
4373523864
5506152376
5176804983
5496638155
4663027184
5670317372
2483642495
1360211260
4645738838
4254428546
9226059893
3436106494
5389405608
4090248775
8277903388
4879887249
1155974190
8160294647
1251725265
8304285644
5132825982
4728183280
3515626560
2802047623
4899570112
6631312755
3978382056
3429185516
8845206679
8122395225
1537648755
6263215869
6851797797
7479870128
3800426147
5500772097
5186589449
4215996196
3257276271
1081565813
4280737580
2251585183
5753606111
8751522245
8518460247
1885093898
7997526250
7767555098
3653713073
2981598617
6053452663
4982009083
5783603308
4215462309
4609088461
8838460654
9849921703
3311157995
6749433493
9887118218
9377327134
3707125020
1782677349
8238089736
4152436664
4144828747
4657898212
2157526627
9496204001
4920751557
5985926413
6567503432
4624537809
5137168537
2737277139
1497234910
1431865391
2242687262
2827154833
5785947004
8289851413
1158371711
1581452281
8650952803
5254777507
8498287896
8327471313
1456151994
1157792632
1380756963
5810320526
9320461953
9372607238
4998380895
8832220508
4437951737
8099956753
2547472059
9777714017
4079569432
8018959730
4638245788
5472831181
4632200973
7724457975
1752023760
5137311310
9043262203
3797225212
9658698694
7761049098
5618467296
3138814801
8446915572
8321464091
3588040436
6172575580
4344632280
1457810023
5148120727
3288314624
7039839346
2053203084
4621951699
9155181450
4305488750
4469802790
3018240437
3393307783
9679722515
9592281878
3221056135
2226568567
5020140173
2155243656
2470008682
2043444189
6124402479
1552315364
5911732870
9910908382
1469944868
9846398921
9868190115
4029601358
6252975119
8514851333
3099560091
7828969111
8668708181
8484628097
7529869450
6284207426
8772144316
9136022319
5256896131
1463003551
1953565967
8940492096
5979450562
2648935070
9959122383
6662036338
2359431216
3670328880
7889231651
9388178459
7963380089
2977644601
1795301151
9386760219
1298633581
7729843144
4154727969
6010854172
6392032913
8251883992
2317728439
2615125377
9529070516
7439362744
4793693536
1179659240
4383711470
7721833905
2370890737
8912328708
3788074328
4196124749
4044943970
9096570962
4680633843
4763179071
1650296598
8782376241
4629893815
8277253970
1783753316
5547505717
6621957097
1114440928
6884018267
6507960687
5776167321
5043637892
6300818669
2727553645
9912041243
3171709996
2719584005
1298561169
8190501848
6668797222
5188255042
4279327614
4423207601
5168388372
2230436711
3558558381
3016261681
4254395076
6576627375
9697796013
5925856501
2511537053
9975393879
8629098916
1279060049
8227767525
4828593698
6971662417
7210770410
1487063415
3541269123
2561091516
9382504308
2167299337
2310912743
5186756928
7179265317
7701599546
1247346169
3666244623
6454425530
6246613215
7972279857
3311714459
2064250750
5210068705
7755706492
5716597530
4843641869
7466902849
7291493076
9102976646
4133421375
7802850624
3609188123
3739153033
4325386714
8119760932
7829680821
5391007077
6634694351
8771655722
4258732482
3991770774
6769015823
1100195360
2126904421
9382181853
4742769342
7797221026
1045640434
4439880316
3964364899
8840098093
9488541505
5494991987
1852556618
5643767082
4999517171
1757265797
1323437723
7136938196
7595855058
3373759121
9546101909
1034718211
5167705654
5999242232
8240072813
8627661181
3215417968
7409837172
2067290973
2191462474
5975550902
4860265068
6181827148
6273211273
9498070778
1036192880
6289914353
6703919348
1379009474
3467133094
5869520752
9025578428
9838783949
1677308940
3962734252
5580897973
9179374662
2794018920
2496135242
1404888322
4557164559
2589735459
2121906463
4777169475
4984277871
1529599798
7384987726
8036753556
1561701511
3285033786
6088117989
4776471149
1971660228
5064581312
7634669977
1483190349
6561811877
8797341601
8113208178
3922902306
7673334363
5137223374
4785582880
7622637690
7778579746
9279957537
1584148983
7403706089
8017630196
3288105962
3546396241
1865142330
4543710921
4382071385
3995372215
6923550499
4203620792
7255958043
7891927825
4456758701
8387447612
3899042348
3980848404
7275467576
8418817268
2363190127
1557032287
1449526607
1463237545
6450009755
1324131680
9595621496
5889533009
4962276278
7922999954
7678819691
5283328643
7091678565
8255187622
2291218467
9892078691
5774078627
6548848166
2659441161
7028150643
9780989469
8484175975
2182291089
8363277117
8895056950
4374203218
9227996129
5958483943
4225091105
1256354060
2625443992
2487267973
1470588410
8331116636
1465996028
3947977312
3117954020
9927364010
7962981725
1865373099
5292310368
8742112249
9151290304
8350291255
9980893760
2823413525
3245671004
9875079063
4411760317
4666414547
1932527706
7598764760
5729321170
9256752209
2109987820
9529412149
5096181028
3439366132
4338317950
3754229558
6642481039
9290573165
3314618819
1771734400
4254999412
1291008781
4965469958
5997334351
2303025855
3983157573
5709046744
2114925609
2961764477
5662608290
1463113792
2771083961
9670952119
1083967499
3766916702
6561564504
8535113755
5095516475
2075599469
5195098354
3653122474
2980028061
4408521474
1787520639
5825578697
4422554437
9655362429
5563419724
4120548152
6143410932
2727272170
2933691954
4094457453
1547803117
4034581844
2900924325
2064689786
5663893616
6418762730
6216351604
4452633085
5682763627
1747326637
1858228158
7397913673
5072161685
5476048603
4610487732
6887226532
1443088515
3039190254
2257397289
5842864237
7265397653
4052706169
1721980582
5713246975
9653438275
2612829212
7360149148
8745391434
8404260243
1275663721
8187715907
4543677251
5908249105
8188892397
5985031233
3465786561
3064971586
8147270518
8258172018
7607702726
5207298968
9128964407
3222417220
5089464921
4870166785
8512977109
3148615449
7201913417
6991941642
9263805345
6632702938
4944951540
2533884872
6820122565
2320347147
6120960568
9465337334
3644691372
3265640623
1458887782
8241646632
9205876665
7745768136
7540362138
5814044149
4993323308
8466499314
3208301544
7074191922
8326306764
2907422270
1482729453
5772058887
2687423949
1583207530
8998614652
8424775315
3957057331
4101451801
7760067375
7637995511
9978215369
1521293881
5448650255
5945445123
8322285923
4715862725
7909061733
5410689295
2270186413
9117360939
7822281001
4823561441
4503690714
6800433380
8694273780
1923721361
7080758193
3197094572
1666958940
1184134958
1783325225
3998011155
2719494058
9907903616
5174442000
9257559281
8385538008
2366600853
9583733641
5815688308
8923890621
3007525250
9374854270
4548372691
4885209604
4652774143
5435495015
9228076059
6355955899
1317927838
3926985004
4168761533
1474225630
3293183558
1817305247
5660168735
3296854130
4515112695
2680731337
3137689926
8087528140
9590899707
4313106949
1704274260
3887619978
7374326687
6920734331
5355800385
6183317546
4663554597
4127070118
9174945281
5223056328
6546326251
4706754442
6603218894
2991205273
1888786073
7707936398
4341276127
7854400523
4713851453
7049353613
1822038002
3104659904
8608035561
3307551796
4959068959
6968439734
8002179380
8189103333
1613381348
6940051180
1325572170
4283661811
8167974290
9493490490
2531733439
4891547152
8048823488
1100297705
4582516311
9212105030
2009501902
6755659190
6831597272
1146191593
7562591465
8180168213
5346556384
5957284427
4361905133
1019339235
7810484448
9240053962
3901353323
3619481433
2417116552
5867271921
1342462417
9650316492
3530246666
1896945191
4846864614
6292626346
6123470220
7246292211
8601128508
3580463298
8158633434
3195392812
3231613155
6103662190
9709433575
1254522219
5889494427
7002590342
5985135389
9761607074
2611452460
2953027532
6487936825
8601189765
4285071298
6735026084
7015219055
6043251347
9777094181
7715790532
6302325869
8955365992
9608779479
4345838461
1328418848
6820726664
7384098414
8320880605
4186693123
7754068203
3583429343
3785664286
4893162202
7299110867
3193307689
3317470531
2482348686
3544574769
6592942326
8991869668
6295367207
4195639924
3290013813
6564684541
6143942110
1052133433
6435690891
3253380881
1734884874
7877824191
3424213299
8086571574
3669746905
6081900383
4212368403
7974968330
5594583715
1133823032
1827069109
2628071803
2753868567
1936693606
3713669100
8998832034
6848297124
6559089449
6824496755
5942150378
6664161481
8959175647
1339764588
7141699214
5494274226
8485206803
8930415467
6197931830
9405430797
4101967982
8398989512
8015367401
8969815680
2420033862
7902638655
5120414157
1282643126
8674929791
8622169795
9013296015
9650286198
6049273623
8605237791
2508239505
1913354387
5161606129
7134851747
2468108911
9057827887
5268811032
7531554714
6212441045
3252652842
9849458621
1420317701
1831712379
2121256513
2961861053
2610924333
5590391331
5075860361
2167662563
3789737003
6055550380
2788873274
3060523524
5977916858
2453565739
4165980429
8631332240
1622906485
2842502524
5787454610
4923826793
1368045886
8274080691
8657061580
1788521796
8701503064
2816096330
5235248552
8388657970
3919374698
5884217158
5838302511
3624038028
8148310106
7955045235
1316712838
7731276341
8007300128
9392293582
9602292085
7554766945
7930024637
1545784128
3833708886
5057563472
1511968925
6987103820
8245857718
8587142971
6116092750
4016710997
2564053692
8497750957
2324724503
1327984483
5153673444
9465674164
8627177167
9270905095
2953440851
6832158978
1878441215
7870762477
3140925931
9246927360
7482333517
8027968358
6999876118
2693410705
3872231456
4718854497
6127502725
7686162631
8317835949
6489964053
9384536826
9333168873
8487267737
3463250903
6637434825
8314748820
2697163352
9325550916
9030550108
6035010947
4842886451
2653609337
3880611601
7913983345
9885166046
3600835669
4197668388
1039864410
1206228060
8832291177
7851513298
6787477519
4340704234
9085308447
8538284352
2572100770
2978730900
8099013408
1837086711
6754582353
3911150781
2008805283
9475611380
8354888698
1521458756
4941550124
5700171624
8360576195
8334064418
3667810127
5759154627
8221739274
7201993396
5609008027
5105392079
9389276702
9596927253
4063871984
7016183644
7449344031
4214953331
7908675717
2530463824
4489718936
9876929102
1651841014
3440871494
4137607437
8089489997
7625573285
5560125738
6235832635
9644341968
2002199476
7185558458
3751451525
5004611391
4848067518
2614034787
7850494726
7477712138
6543811585
3457387825
7894510695
9029438245
5897889429
9575634999
9410780596
7067039690
9964477101
7785496654
6517249105
8024497273
8363418588
6051891430
3230085695
2031851049
5577922348
8869438836
3390110064
6669189074
1764985611
2353276305
2365266632
8976387426
1250283709
5359823041
6864483363
8544426181
2507864516
1769820981
8323031594
3231323032
7840086441
9660808378
9912444970
3963375487
8098774103
9149742149
3899088578
2389302991
1772610603
6821127650
8408572782
5511650510
4779749908
8075465914
7666989309
5042107377
4040913947
6293418122
8257512644
9314362683
4649246208
3716835929
4271171216
1742571038
4554094438
9125689636
9900734501
6941132358
9552153747
8006827779
4766524696
7585079588
2895703706
2383652968
9890426492
8636142425
2359657194
1119964857
9658909091
2252495781
6332539913
9844446008
7998892364
9692046936
5525865297
1328726237
6275163587
5647319456
9191143762
6712016043
9913502668
2181681049
4349740091
9503015896
6248692810
1084746812
1002592266
1377577183
1328033708
5836524956
6100889138
2582217530
6038623416
3461251442
7570399495
1107899609
5330370254
5491614762
9492093890
8492096333
6082341221
7854462501
7964108588
9266994179
2120348346
8341028850
3083343599
6995721878
3499537761
9172320420
4998032172
9061503366
8358401259
1558435846
8798194031
9220629929
7630604984
9135059581
2120471593
8884272381
8510302626
5755212307
9733981029
9698867694
7126194175
1842727097
9830810112
9235717516
5849634779
7510370355
4391952108
4447935563
2566488615
8535383904
5796593250
9971611933
6357485548
9331353661
4366856551
4765007006
4808233650
8416251921
7512570524
6426924818
1751777878
2168180439
2003803330
1064564120
4249500222
1963050704
7747219433
3330947349
9064791798
9698679955
3408254117
5496500831
5180720735
2991095992
8867239324
5913395021
8650720208
9689794755
1730493128
7078491595
2356694137
9647168463
1883102302
9403516513
7383180963
4514025512
4161267956
8552870955
7239098060
3637196303
6380264811
8441850885
1565520418
5634154048
1675786688
4654418015
1974267147
9922515753
5327037723
5824908780
4359722360
7273772867
3523762970
5081176487
1535782238
2257544788
8849046316
4713208873
8406354185
6986079570
9842337764
3914489020
2007035187
5532413514
3431282958
2911220250
2118921923
8670712395
4309976674
9005832700
2835250236
2933282617
1469529436
6828755553
9833430592
8999515531
1367019253
8714518745
6409897396
1407391613
8455961571
5648800220
5069317782
2320869640
1695486127
6805587994
3815817356
6036467504
4794961910
6571554791
2508668725
7478886637
6046161116
8931150855
6000802588
7730509938
2685125003
9141262074
9628110926
8134077494
7121402305
1338510518
3825877988
7391497436
1226290672
1712876037
9326305085
7907424987
1129734964
8150660164
4513929080
1365462029
3298383025
4612686300
3819513090
3962099837
9764703195
7824569532
1102284064
2910592738
6374691766
3080851042
2246934065
2987964373
9248458932
6948554646
7245556824
7681221998
5117673515
9533305734
4510621817
4024189324
1830049980
5245478932
9746363453
5402385322
6355412567
6669316416
1892010651
4245807532
4318557892
5298266638
2780971432
8007698747
7583591276
4185564109
4237504109
3429371252
1738175845
1499380824
2904688204
9872613907
3710760476
1084116022
9643181926
2974877723
1729033394
1020346141
8621280304
4012574238
7985704395
6297979147
7645998478
9904776935
5108888071
9943246137
9157883714
9917379924
4760076410
5001596869
8953446189
5221027529
4948803453
2845819817
3393706770
7741865417
8421672551
