2693.77
714.96
1254.11
3145.27
708.16
1569.29
702.61
3216.13
2675.67
2143.92
2997.57
708.64
1614.97
3347.95
4141.03
5471.6
2599.67
1841.96
2726.67
1282.39
1512.35
695.07
715.3
1618.04
747.71
703.82
2594.74
2348.0
1707.74
700.03
705.36
2906.87
4316.76
2887.93
3092.94
2829.72
1635.26
4667.99
738.53
2791.54
5499.28
3337.73
1109.39
2675.0
2977.55
1075.12
3588.62
702.95
1626.3
3301.82
3126.8
2631.28
1979.72
2335.66
2736.01
2191.76
2503.59
3571.03
3050.26
2142.31
4471.68
711.67
2287.15
2828.07
3195.4
5355.55
1981.95
3606.04
2540.92
3495.97
2828.76
3614.1
711.06
2351.39
2138.08
2294.47
702.33
2477.94
711.48
5855.63
2138.35
2527.67
3082.69
4080.45
3038.43
3647.89
3605.43
2417.49
2326.22
722.26
2520.18
1146.34
713.16
708.06
2351.41
2221.46
2575.62
3740.18
703.43
3646.35
2104.0
855.0
4414.64
1344.04
2128.96
3312.14
703.15
3076.0
4430.05
718.82
2489.38
2332.79
2195.46
714.66
2322.74
3033.46
3157.45
2267.01
717.96
3665.73
4420.35
699.91
2343.64
704.62
719.91
3015.95
4271.28
3966.01
4491.58
3108.53
2510.81
2346.05
1719.13
717.65
1558.91
3985.3
702.52
799.78
9766.37
2939.56
1706.31
2465.68
3002.86
705.07
1747.83
699.38
1838.16
2417.09
704.7
5507.67
698.04
3726.44
3594.78
2996.52
780.43
760.8
2630.5
4872.36
854.39
710.22
4503.56
1226.34
728.67
4848.1
3798.24
7376.67
2136.82
726.12
737.3
2742.69
3247.17
1858.4
3619.68
3134.33
1836.29
773.07
711.82
706.5
761.92
724.78
1635.38
1332.22
2375.32
706.64
1838.59
1720.86
720.55
2670.56
2559.09
2606.57
2540.92
700.73
2747.11
2022.16
4026.4
2792.91
2865.67
1537.48
2740.9
6546.59
2639.79
1993.58
2247.11
1982.62
3836.67
3061.01
2570.25
3180.37
3079.9
5156.76
2789.36
3959.27
728.36
2965.56
703.48
2401.25
4672.64
1854.51
3568.85
3312.2
710.21
2560.14
3281.73
1305.11
2333.85
706.0
2847.51
2645.55
2120.5
725.11
3549.35
1307.85
2050.48
2866.27
721.63
3695.61
3471.82
2343.16
729.78
718.76
2837.78
705.03
3212.87
721.1
4162.9
2580.34
2038.74
2582.24
1425.19
4858.64
2672.95
705.38
1701.37
2879.0
3051.81
1704.44
4399.76
2262.63
2373.07
730.13
3283.22
4265.6
4450.83
2776.07
712.2
707.39
1990.75
697.71
4204.76
6354.13
2036.57
715.3
733.35
3149.13
2752.09
727.04
883.36
710.81
700.55
1171.76
2397.8
732.56
3019.12
2179.75
2373.98
2427.63
694.46
3857.43
5060.63
714.08
2795.87
716.67
1164.51
1086.89
2821.53
1958.06
2302.46
705.24
2081.36
2012.28
719.61
3337.2
3001.59
2845.55
2776.09
1687.84
1471.56
3288.06
714.45
3156.68
704.95
1291.84
3825.1
719.64
740.19
705.87
4186.62
2084.87
2315.05
3397.0
1873.77
766.39
3768.84
734.3
2673.01
780.6
2172.23
2272.17
3344.16
1492.08
851.18
3126.27
1975.33
1006.64
1962.92
4572.73
712.6
1896.75
2005.85
4478.93
2230.59
2580.27
1553.08
699.15
804.03
4092.21
1636.84
2042.88
4050.09
2770.86
2400.51
2211.01
3778.81
1686.7
2347.74
3341.35
2655.69
6740.08
2133.91
1797.83
705.94
3613.09
2653.59
2929.4
4602.07
3121.37
2292.56
2566.09
702.83
964.2
2002.1
1894.49
2294.33
2597.47
702.5
2054.03
2561.13
753.08
1967.5
3734.66
2461.4
2117.52
2109.58
2579.58
717.9
3696.74
4739.26
731.63
1647.59
2262.11
2767.36
4519.54
2436.95
2353.4
4558.84
721.32
701.63
3127.56
718.21
1898.4
3362.75
1393.21
2889.68
2816.27
5509.7
734.16
2473.84
3195.61
2357.45
708.64
4939.76
4288.14
705.67
1727.78
3185.13
690.56
4859.62
730.21
2069.01
1620.15
2571.81
3133.72
715.39
712.41
703.52
711.55
715.77
702.72
3045.91
725.19
3403.08
2002.1
1942.96
2632.62
2687.34
2156.02
2796.07
3692.11
5940.97
3279.86
3143.19
2892.94
729.28
705.32
2818.48
2400.69
1605.93
2351.8
5326.51
1713.58
2075.14
2405.86
760.14
2279.47
1676.56
2939.5
2003.51
1882.42
1730.88
2064.33
2460.28
766.91
2499.16
4404.11
764.4
1702.4
3361.0
712.96
710.78
701.61
2538.53
697.74
706.35
1967.44
724.54
2292.93
709.84
2927.29
1187.29
2370.32
2916.85
4904.01
1719.52
808.0
3782.6
2063.4
809.8
1879.58
714.9
2952.96
6026.85
3244.97
4722.93
2220.1
3939.0
3617.49
4067.5
695.07
719.48
3805.51
2593.51
697.41
1822.96
696.81
3155.38
2787.35
2612.52
4450.01
705.45
2580.66
1570.03
3211.73
2343.2
719.45
3329.92
2519.07
2088.64
2754.56
3155.75
2015.32
5177.9
2641.56
698.15
701.94
1729.11
2289.92
740.86
1806.47
2120.75
711.57
718.57
721.97
2437.62
1488.39
2013.49
2420.55
2229.05
1485.41
2372.99
3225.38
1652.77
3128.23
709.98
2790.09
4349.62
4068.84
2463.94
3010.74
6451.42
763.19
711.07
2570.78
5976.46
3290.99
1911.04
703.59
746.96
761.94
712.42
2934.84
2436.36
1810.75
725.34
1863.01
2750.17
2616.09
4162.46
718.64
2860.6
3420.4
3058.66
1792.88
727.29
2898.65
714.35
2153.08
715.1
2700.71
1541.54
3737.66
4874.5
2964.7
753.65
1782.29
1924.06
716.44
3617.51
2463.05
2632.39
2230.75
733.28
707.64
1829.08
1864.28
2728.5
2950.89
2349.9
1407.8
2953.49
3304.6
3657.49
1550.3
3745.88
2697.97
3826.96
4505.5
704.92
5684.09
1936.95
2426.72
700.32
2790.29
1518.32
2042.86
4615.44
2236.76
3511.62
2859.61
3009.46
3507.31
2997.02
2111.87
3110.94
2287.49
2140.43
767.33
2169.98
4472.32
869.6
5610.56
2243.32
740.11
2278.45
760.18
724.75
2986.21
717.16
3286.35
2796.0
1537.29
3372.64
1513.2
2462.56
789.18
2246.64
3229.95
751.2
2322.66
3235.35
3373.39
711.72
4428.23
2674.51
3046.23
3066.66
2395.18
2153.56
967.17
2104.14
2155.72
2156.88
2522.21
2193.43
1853.9
2630.21
3320.02
712.12
2663.05
2074.72
3952.61
719.32
693.3
4390.71
746.19
2507.0
727.0
1519.05
730.01
2986.56
3175.22
3024.82
838.09
1453.22
698.75
2434.52
2314.41
3679.43
712.01
2464.97
2636.42
703.77
1486.66
2029.39
1925.87
3562.11
2242.49
2555.52
2036.79
714.7
2109.79
1753.15
2528.01
3895.66
2166.11
2520.24
4536.55
2099.12
2261.9
2569.25
711.28
5129.52
1873.41
1398.83
1547.93
5926.95
2429.47
3063.04
1283.44
2220.0
2203.27
2172.35
714.86
2567.54
3571.97
712.89
748.86
758.49
2578.07
1413.43
4149.26
2501.43
2541.45
2170.58
1451.28
2045.17
2527.25
2517.6
3001.21
724.98
754.53
2883.56
982.09
1104.14
4593.81
753.96
5347.6
768.62
5033.81
747.87
725.48
3925.79
3843.67
1847.11
749.41
737.65
1484.96
2710.97
4426.2
2072.28
1810.16
5191.45
2979.03
1797.31
3563.84
832.44
756.82
716.36
1955.87
793.16
3147.03
746.52
708.99
1932.74
716.66
2471.44
3335.36
3071.03
2400.7
2130.47
2335.75
2643.91
2609.58
2153.85
2688.19
2129.19
4794.62
4060.54
3287.27
6629.82
1586.93
3713.36
707.16
3114.2
736.91
742.49
3607.27
3267.94
719.95
2756.48
3107.46
1358.15
3707.46
1537.12
708.99
726.45
1643.22
734.86
2607.21
3310.93
4705.35
4875.05
2132.48
3103.47
1911.66
712.23
8262.07
3208.19
3792.59
779.4
3054.3
730.71
2266.66
2154.11
698.77
2347.18
2747.48
2866.25
754.04
3470.44
797.66
2616.14
3079.33
1752.55
745.9
3008.99
3164.34
708.03
720.39
1596.34
2810.51
807.66
4053.52
2446.74
3069.17
761.85
747.53
2139.1
5194.01
1732.57
2112.61
2416.25
1847.75
711.33
3286.74
717.24
744.12
3092.33
3383.57
4040.37
1754.63
3044.65
706.56
3297.63
739.83
740.16
2544.56
1766.45
4204.88
2546.54
4372.03
2444.8
2934.94
2326.38
732.08
1722.27
3194.23
2454.57
2420.02
1418.81
2327.8
1856.35
2730.89
1710.49
1791.22
2202.21
736.75
1629.38
3303.97
732.5
2218.05
2878.61
5916.98
718.04
4006.82
3196.78
4109.74
4494.04
1616.45
3688.47
717.09
3035.82
3008.31
2139.37
1427.11
709.85
2036.1
3094.99
2531.59
1367.32
7171.01
1430.15
2503.26
3737.35
1886.29
1649.63
701.44
3468.28
3588.02
1614.09
2135.81
3116.9
708.91
2694.46
3143.4
727.03
1608.41
701.04
1922.83
2355.14
746.8
764.57
4166.5
3834.14
3597.49
2170.92
1934.65
2395.94
4097.42
2264.3
709.86
2859.97
2658.38
710.64
4026.11
703.79
721.19
3713.15
3548.74
720.61
2368.61
735.87
710.61
707.49
2634.67
718.81
712.72
1829.14
1765.24
1772.94
3457.32
4682.52
2886.42
5402.16
1959.88
1537.9
1775.99
1790.72
699.55
2947.79
3025.7
2225.68
4024.46
3349.68
2065.58
2851.04
2298.25
1795.72
3411.62
2669.54
3331.34
712.36
932.88
3524.69
765.53
3816.9
2060.88
2994.57
1969.13
723.61
2080.66
709.85
715.39
2971.8
1968.25
1812.91
1840.53
699.88
2261.29
3017.07
3025.54
