29.25
27.15
29.21
26.11
25.2
29.63
25.01
27.37
21.51
25.9
25.65
24.78
30.06
28.2
24.23
27.4
24.72
24.16
22.28
25.74
22.92
27.42
29.46
27.76
26.96
26.86
26.39
28.14
25.71
28.61
29.67
29.93
25.79
26.84
30.72
25.41
22.27
27.7
21.41
23.84
26.42
30.21
29.42
24.3
30.36
26.62
19.98
29.4
26.43
26.77
22.98
27.81
22.57
29.43
29.73
30.54
28.45
27.63
21.05
29.24
25.65
26.06
20.06
21.66
25.0
29.91
29.68
26.11
25.73
26.21
27.86
27.81
26.45
22.09
18.88
24.3
25.18
28.59
22.94
23.04
24.24
25.65
30.95
24.47
23.37
21.64
20.2
24.92
19.99
23.38
24.28
24.26
22.79
23.64
18.04
20.5
25.86
25.52
27.79
30.52
29.81
29.12
29.38
30.1
29.99
24.91
29.82
29.03
23.67
25.02
25.96
26.48
31.44
24.42
29.69
29.65
29.75
27.12
24.52
23.84
27.8
24.03
25.12
21.43
29.85
28.44
28.77
27.38
26.53
27.27
22.67
23.45
24.95
25.29
25.03
26.37
31.03
27.47
29.68
26.41
22.66
22.99
20.35
22.79
25.3
21.13
23.89
19.55
27.11
20.53
22.56
29.51
30.87
26.92
23.0
24.71
25.96
30.79
27.54
26.18
29.82
29.51
29.43
25.87
30.09
28.94
30.15
26.05
31.15
32.09
29.02
27.74
26.03
30.51
30.97
28.71
29.77
29.52
29.46
25.77
28.45
30.24
26.96
30.41
29.83
30.39
21.15
24.01
29.04
29.44
24.14
26.07
23.3
28.55
26.04
24.67
20.87
23.28
25.16
23.42
23.1
31.09
22.95
26.5
27.05
27.52
26.9
31.1
27.54
20.51
24.82
30.71
30.78
27.16
30.57
25.14
24.99
29.69
27.89
29.9
31.16
26.55
28.4
29.57
31.27
29.98
28.33
27.83
26.63
28.7
30.59
28.77
25.49
29.67
27.65
24.86
25.13
29.23
30.88
25.97
23.16
27.03
27.09
27.1
18.72
25.43
27.1
26.54
26.93
29.42
25.72
26.17
23.3
24.77
29.19
30.49
28.92
29.86
27.28
29.61
22.45
21.67
30.17
28.51
29.87
26.81
26.0
28.56
27.13
22.61
30.33
27.29
29.85
21.07
22.3
27.73
26.54
26.09
25.19
28.0
24.75
24.75
33.17
25.15
30.11
24.24
24.07
26.33
21.64
26.8
29.6
25.14
25.21
27.48
26.11
25.03
27.76
25.47
24.64
30.64
26.75
27.5
29.68
24.94
23.07
23.73
20.82
22.86
22.32
22.61
22.36
22.09
23.09
26.14
22.45
21.48
23.78
19.44
26.26
23.88
25.37
29.41
29.14
29.18
26.52
28.07
28.35
29.8
28.92
27.93
22.58
28.42
22.66
28.2
27.07
24.83
24.22
26.71
22.17
30.05
29.71
24.86
30.51
29.17
30.46
28.98
28.2
28.9
29.28
26.79
27.71
29.74
25.81
30.35
24.87
26.2
25.12
25.34
26.71
30.13
29.58
27.03
29.94
24.76
28.51
29.41
27.36
30.03
29.1
29.49
30.29
31.0
30.14
26.99
18.03
30.53
25.52
29.93
29.76
24.25
27.53
30.85
24.76
29.93
25.82
27.79
27.81
24.48
19.04
30.18
27.46
30.07
30.36
19.34
25.44
25.95
22.55
26.5
26.84
23.29
24.35
26.26
29.74
19.94
25.65
27.55
27.41
29.85
29.99
29.71
28.18
29.69
25.41
23.91
30.64
29.99
31.26
28.63
22.88
30.14
26.16
27.65
29.13
27.39
29.51
28.85
23.39
22.65
26.28
31.33
28.0
28.93
24.03
23.28
20.58
26.92
26.45
30.93
29.96
31.15
27.72
28.25
25.51
25.04
30.33
18.2
26.47
25.33
27.06
29.26
23.75
24.89
23.09
26.35
24.88
23.34
27.34
28.51
20.85
26.49
28.61
24.71
29.88
25.01
25.68
21.18
21.2
27.0
25.52
18.5
16.42
22.59
22.11
17.4
21.87
22.61
22.18
22.64
18.48
22.04
22.26
18.43
23.04
23.15
22.08
23.46
22.88
23.66
22.59
26.45
31.62
28.88
21.12
29.99
30.55
26.54
26.56
29.59
22.34
29.58
29.57
24.96
29.64
27.22
28.51
21.46
29.85
22.76
22.37
24.71
25.53
27.82
27.03
27.83
29.55
30.37
30.97
28.96
31.07
28.39
30.52
29.1
29.47
28.07
29.67
23.04
30.03
27.8
30.58
28.82
27.84
29.39
25.8
26.69
29.39
25.98
28.14
29.61
29.81
29.34
25.91
24.41
18.77
22.96
19.83
26.85
25.48
23.63
26.61
25.97
26.5
25.08
24.04
26.12
24.85
28.7
30.36
23.0
27.19
30.24
26.14
24.43
26.7
27.41
23.07
29.7
23.92
22.38
24.81
25.05
28.08
26.33
28.22
25.42
26.0
25.93
26.82
27.16
20.38
27.32
24.54
24.14
24.72
24.19
24.37
28.0
29.0
21.61
28.91
23.17
23.12
29.53
24.43
24.8
25.97
28.2
27.16
22.84
30.09
29.24
26.04
26.82
29.8
19.4
25.03
25.02
19.12
20.34
19.31
25.3
24.95
21.69
27.28
22.41
21.19
25.78
28.85
31.17
26.6
23.86
21.57
23.01
23.86
31.7
36.85
36.21
32.3
27.07
35.21
34.56
35.86
32.38
34.83
34.49
28.88
31.85
24.7
32.89
30.37
34.05
34.45
26.96
26.12
24.74
28.78
24.05
32.45
23.97
30.26
32.79
39.81
26.36
20.46
32.91
28.93
29.23
29.63
35.11
28.75
28.85
27.14
19.28
27.71
30.48
24.81
23.31
27.77
23.8
23.85
26.1
24.23
21.43
32.43
29.07
24.49
30.36
28.07
29.39
21.97
19.96
30.12
30.26
28.05
24.7
29.36
26.4
32.09
27.28
28.19
30.81
27.22
30.54
26.92
29.25
28.19
21.06
25.74
26.92
20.16
24.17
23.71
26.81
32.42
24.81
27.66
27.42
23.69
26.86
30.36
31.12
24.39
28.64
27.59
24.23
29.07
27.47
25.93
30.02
31.33
25.71
28.04
27.86
28.22
32.01
24.11
29.53
27.5
26.06
31.25
26.24
30.91
27.62
26.66
29.09
29.64
33.2
32.01
30.14
29.77
28.31
32.59
30.09
31.15
31.21
30.71
28.47
25.57
28.48
31.18
32.73
30.47
31.73
26.42
30.86
29.5
26.62
31.26
25.08
30.4
34.47
30.31
30.98
29.65
27.03
30.22
24.83
30.28
29.42
29.88
27.23
27.67
24.66
28.13
20.6
23.52
22.15
22.25
30.49
29.06
24.98
22.22
23.82
21.31
26.6
26.36
27.13
20.06
27.17
25.04
29.41
21.64
23.08
21.31
25.18
22.23
22.89
22.96
26.88
27.78
28.06
27.12
18.11
28.0
28.91
28.42
30.75
29.46
27.56
29.52
25.09
27.64
30.88
27.62
21.67
24.49
23.93
22.73
27.54
16.57
25.55
29.95
30.64
22.28
22.66
31.18
28.88
26.11
26.13
29.8
28.79
26.41
27.85
30.1
33.19
25.56
29.07
30.85
29.26
25.05
30.15
29.69
23.07
25.56
24.22
22.87
18.87
27.28
30.72
22.04
26.44
27.18
27.09
25.69
26.99
24.41
29.63
31.15
29.64
21.54
25.46
29.49
29.63
25.73
21.24
26.41
29.72
27.41
26.01
29.62
22.11
26.56
24.47
26.62
25.12
28.71
23.55
24.68
31.39
28.89
16.31
30.13
24.07
28.84
29.18
25.93
27.83
27.93
26.37
23.27
32.37
31.31
29.29
30.89
29.22
29.28
29.78
37.44
28.2
28.92
29.57
28.28
25.82
26.5
25.81
31.52
33.32
26.52
26.46
31.63
23.77
28.94
32.94
31.53
31.06
30.46
25.23
26.97
27.03
25.74
21.04
27.05
19.59
24.09
25.31
25.98
26.33
25.86
25.74
24.18
28.48
28.73
22.41
23.29
26.3
27.68
23.01
26.26
27.45
26.32
28.02
30.17
26.93
22.49
26.7
30.28
28.21
25.37
25.61
29.94
28.39
23.01
21.15
22.04
31.21
23.25
27.92
28.91
24.06
20.57
29.93
27.38
29.88
20.02
29.3
29.34
27.67
30.51
28.49
28.38
28.02
30.51
30.68
29.57
30.86
31.08
29.75
27.2
26.54
26.15
22.37
22.7
29.4
27.58
27.78
31.26
30.5
29.69
24.58
20.2
27.78
22.66
22.85
26.58
26.71
30.29
30.72
30.93
29.58
22.26
30.95
