8160229881
3937846574
5207857444
3805514753
3625618695
7064685502
3297170768
6637363109
2219069388
1662426955
3049400848
1221135429
8080142293
6058934939
2696176030
8197397414
6416891596
2130581333
2878294656
2800399529
7136396401
3746143496
1220027977
1167786401
9140650408
3078470403
6655255378
8403268832
2943603788
6562271072
1214847095
6784217205
5472774642
3218478577
4440499436
8864138133
7920783260
4647619679
1235058495
4142902670
5253658113
2410712075
3534672812
7642426056
5680737144
5111913811
2027714727
3101093218
1783520602
7004825819
4107900321
3311214882
9589961752
3633063273
4420069959
7508958508
3416898287
7065889288
5905140089
4401861608
6839497735
1881299938
5019295977
2431873284
8818534146
7749088784
6311040043
9690862637
5013264782
6942329180
5606698624
8600331737
6163473529
1140963109
6368938318
7175107183
2735040802
5430955458
9003866847
6680175696
2478485699
2167581439
6866711744
4200169369
3831631773
1621029548
3482353755
9862034245
8323829305
4569702002
3473679106
8812575176
9484721557
3126897267
9568369891
8886141780
6582050287
1549826936
9802126168
4035856352
2770081441
5554347790
4590476545
9010828419
2780561957
8937516389
8581564768
8965059205
9736946526
2132583858
9264431685
8526829877
5033319301
5333290741
3735252246
4848113695
6900721287
3049703491
7453250368
3855948812
2232131786
7697306094
7605255815
5816303621
5704207786
2091428680
6048816731
3657864165
3964456689
7505560702
1572162239
2131520708
2929640232
5891974618
9357770957
8095757647
1700777759
7246766151
5134705874
2489156169
5525898128
9362313758
7444029408
8910453751
1337515202
1380877427
3243681089
8221490405
8287755357
5716106070
3570923421
7636883045
6700675637
8037172934
3266249509
3501380763
1948253878
9562821962
9854132125
7237528014
5480665058
4485044405
8473410330
3540518319
8700881290
8679711953
8200433712
2529710861
5396998645
5218130399
5881476738
6161192196
2108351998
9774203728
4272623024
9783300810
9351338173
5961212925
5771332762
6499107238
8523953231
7931017231
1112317995
7108435333
2266934411
7995268064
7621751660
6204063047
7410379424
1996580986
2515242564
1827424443
6587649205
1297537481
8952052582
6041430641
6229337896
6839205481
3922778225
6313810633
3340541201
1483065997
1945261820
9149192710
4735547734
3265843854
6218737911
9341280310
1420684587
6233199908
4573699647
2595452297
1382268306
9510594338
1104663209
6210094319
4572831916
2445204519
8551449145
9147142570
6737274456
3412015195
3755919733
3113748434
5150282075
2529817798
6945957991
9399303041
3256150394
7799767719
9715022243
1449812227
1160449035
1992356210
8323194262
9326727181
3533398379
9828062665
1514960339
5457157029
1090309971
7145694624
2184146646
6083931601
5198973960
4207433805
6414095745
9922535987
3913271941
1554474599
1491645115
5862375237
8857931657
5551060741
8818690849
9256514267
5104340492
5799504025
6799001819
4118752351
5415363927
5596976751
8474380574
2421939589
2686273673
8546098657
6397015970
9826996164
3693433164
2707334593
7648654281
9000354261
9270145359
7326192083
8291477957
7559234363
1089006479
4343348801
5528574955
5265201250
4937625333
2125691456
1457302572
5812229537
4429736193
7909996336
1272595079
8369898723
9901517632
9082036474
8264118737
7661966489
8911323078
7389811536
3670280613
5582578573
4452729434
2948164384
4276176896
5077016878
6147154935
6987400896
6068180915
7728107784
5555542053
7131638754
8735017263
9609297175
1978744362
4246541601
2934787961
6964741093
4937283684
6149994722
8220626085
2846804647
4916502776
4071796132
7994420990
9917174759
8417922048
1002213261
3519074365
9963770006
9403904399
8709811913
8235669130
7906166240
4581868067
1394975551
8689697548
6119753278
1530649531
2468048175
7136249936
4938687715
7322506017
9366904065
4764301532
7284028249
8135366733
8077907820
3662422288
6045054667
9911466343
2288443598
8569614276
9885899225
2262869476
7125208335
2308802153
7589293624
3691013145
1783973110
1513628735
2170546360
7514566601
8154470510
6835637522
8940136160
7023017513
7046521361
4300178748
6156103182
9139957290
1580649000
8199078594
5923297664
8578613068
7528867146
4071624462
1045430587
7307625302
6835782168
8849310618
1067445014
6652004430
2579597225
3707001244
8122370691
1011915547
3344367601
8499556205
3778190892
3160952076
7112174087
8385593758
3059527518
4367564405
8152991470
1579558826
2374484710
2231162416
7927595849
1013161444
5694739907
8708753616
3829731091
2547697334
7367973596
3125392736
7764911862
9932635790
2552310108
1863627676
9081536818
4013408643
9017807088
2705955751
9116406915
3983545584
2002536952
7744014011
4769835523
3565122692
7159247417
2636510772
5512743545
3203910761
1506852317
1147751142
1074046677
2144206679
5692101633
7803114831
7652778939
8529572102
5578753026
6010055243
9301330092
2344114111
3645348290
2537816364
3452128189
4498030718
5779659914
4872666538
5144210462
1919652191
9101890212
1895326732
6813091597
3472470571
4139873950
1936775271
1581725791
3716706644
8819671409
3953325789
5458433650
1441640642
2363478720
8652941800
3348353509
1437363425
9006065657
9171250423
1586557187
7368426592
5970783516
7320152738
8347270102
5812906404
1359920185
6592860722
3070418533
5875165538
9055504262
2814096584
6967213474
7878046182
4382995438
9243340913
4022621784
3127866339
8278908622
7342991620
9178542909
1586861856
6468800112
4082307448
2722088410
9627622007
9341689493
2564377040
9418737876
7345942466
7099783443
8853221169
4970303359
8236860671
4842156470
4613335695
8630556537
1102457840
4999690708
1161792307
4161713262
2680403062
6426363426
9270306109
9200676565
1965246124
4228125615
3432997659
9231380007
2418681610
2105541804
3623517785
1365697420
1928483442
2101804557
4073904809
8588907925
1169849551
5742652917
5967673746
9111700174
9681018824
3150784864
6709888095
1651227122
5291912508
5585014912
1542640552
1801380342
1832452079
1564456098
5346583859
1819808434
1790916852
1576229560
