1295.89
1111.33
1303.3
793.81
1733.55
723.83
794.33
939.61
1000.34
787.24
735.15
932.01
816.53
799.27
1105.66
799.72
804.58
884.44
1108.81
1090.3
1265.14
1035.49
997.24
1302.2
989.25
892.65
934.9
974.64
671.1
664.82
818.32
1407.78
867.78
789.18
958.88
1138.55
916.65
953.83
753.0
960.6
775.88
907.93
675.88
1026.71
1069.27
692.98
968.87
1074.54
977.12
1376.22
1234.29
1035.65
830.8
1313.85
1489.6
703.41
865.33
1328.4
1260.22
1356.35
789.26
933.5
662.68
659.78
1101.78
705.0
800.3
883.49
710.87
887.87
658.53
960.43
782.8
978.85
878.72
875.21
850.45
1020.1
1210.68
3342.87
1087.9
884.31
892.4
784.37
688.83
1055.51
685.4
2560.03
839.39
1267.99
1019.61
706.09
760.48
696.47
791.76
1008.39
970.18
1049.34
923.46
959.84
898.01
665.92
1008.33
1033.07
798.15
1036.05
1426.51
785.65
1141.95
1338.78
727.38
1222.98
1064.86
1013.6
860.36
1392.86
1358.66
1174.9
1094.45
1181.71
1356.12
680.57
2884.29
744.12
1160.24
1059.52
929.23
677.65
738.75
1058.5
1400.05
898.16
1468.73
1043.98
978.91
696.43
900.49
662.64
868.36
807.38
813.28
743.49
1159.48
1191.99
1154.56
897.19
1136.54
980.92
669.91
671.68
826.53
964.16
1238.51
951.78
1020.85
943.81
892.61
840.94
932.3
696.19
880.38
1231.67
1308.71
1114.76
1469.05
842.57
1321.86
851.13
837.99
1029.71
744.51
1651.07
1417.98
916.17
975.86
1146.64
981.52
1252.32
1025.28
1087.7
949.94
825.18
1520.44
1153.38
853.36
811.79
1099.44
1304.26
782.51
1162.73
1547.62
1220.05
955.5
2136.95
1266.41
1163.25
704.8
1087.46
713.96
1016.52
820.49
910.78
1263.23
708.11
1226.22
1210.45
1094.81
804.89
1246.34
993.19
852.44
670.66
1093.89
1299.53
877.69
893.14
882.15
1004.4
956.32
1064.49
679.54
673.51
1265.47
887.12
1161.31
813.41
811.24
931.35
959.96
858.74
1609.96
950.02
866.62
904.2
860.11
1191.75
1123.67
988.82
733.46
1296.51
1547.25
1341.64
1028.62
1311.65
1152.59
1072.22
814.58
2307.86
1150.89
1005.23
1174.43
1009.76
909.34
1247.77
1352.82
869.92
1550.01
1054.25
907.0
985.43
1083.9
1270.65
1199.78
1086.68
699.49
971.21
680.57
875.88
802.55
1687.09
752.76
690.32
983.94
725.25
774.02
1037.89
982.16
805.64
710.56
909.68
1791.7
689.24
693.15
899.95
944.06
680.9
1749.54
790.29
708.54
1324.27
1267.99
1203.86
889.03
927.03
810.79
1973.43
1290.5
704.03
793.14
1305.53
1136.0
886.92
1223.63
760.24
798.31
710.11
903.91
860.89
987.92
710.31
917.98
1058.66
732.4
1314.92
1180.69
1297.15
1047.73
727.25
1019.64
1541.63
714.61
1181.12
707.23
1858.94
1182.85
1921.03
1032.67
1038.65
1090.27
877.49
1407.26
875.58
857.61
759.43
1014.1
1342.45
682.55
1252.02
1405.45
891.84
988.81
923.3
899.13
680.88
866.65
693.55
930.22
1354.54
1538.46
813.57
886.17
800.95
679.17
1129.61
955.03
1076.39
912.96
2073.06
1845.0
1250.76
1306.1
1385.61
1067.84
930.98
937.24
1087.97
948.78
1157.27
846.25
1191.3
798.34
1203.27
1059.62
1121.29
967.13
1102.02
1227.67
692.01
688.55
704.36
924.73
1152.49
868.19
747.38
862.66
1331.88
800.71
993.41
1309.71
761.55
1195.63
722.02
2331.04
2203.25
973.57
1124.34
1183.91
1212.16
1125.53
808.97
677.59
1025.82
1298.73
686.95
959.84
1106.44
1010.7
695.67
1360.0
710.3
1193.52
1458.34
816.93
1132.12
1155.39
798.18
1007.16
1112.78
1160.02
1247.5
1884.41
1324.94
979.67
1091.49
861.01
819.59
783.11
813.43
1712.28
1054.57
1399.21
1268.84
1352.81
1010.54
744.65
681.78
1075.52
1867.61
1189.54
1191.97
1207.27
883.91
1015.91
688.14
969.42
702.82
703.48
680.4
685.78
920.83
1314.98
669.27
687.19
862.97
847.19
727.18
772.98
1135.18
1365.77
838.21
1469.61
1227.79
781.26
884.03
722.97
1081.47
980.53
816.22
973.26
673.51
1424.71
1105.68
843.58
1796.01
1131.02
1487.54
958.8
1157.68
702.18
1231.77
1125.0
895.77
1045.84
906.59
941.74
1041.81
1149.68
926.94
871.19
936.97
957.2
873.02
1356.08
1100.42
1767.69
1099.9
1414.38
1067.49
961.44
721.47
839.84
994.71
1118.42
1431.5
1041.02
1067.94
728.76
720.02
905.9
1133.53
721.57
840.38
878.38
847.8
729.0
1019.04
676.81
1482.86
1096.61
933.36
1068.51
1219.77
854.96
919.66
716.47
1150.81
715.05
1240.88
1385.08
1012.27
1049.24
865.15
1599.02
1184.23
1275.13
1177.07
813.55
884.09
807.21
1655.79
1608.22
893.71
1221.57
700.18
678.83
1662.55
1204.79
1032.4
1107.37
1014.06
1037.37
1453.68
1200.16
957.07
1409.84
1324.52
2028.75
1495.75
909.6
1184.92
917.83
1077.26
1136.79
1647.67
1113.29
1088.71
1178.8
1357.76
1120.91
733.03
1857.99
1219.68
752.73
758.88
711.95
777.51
714.51
930.86
1070.5
702.83
875.37
894.23
1144.5
696.51
937.38
1044.11
1241.31
939.24
906.97
1008.81
1002.99
1031.4
836.47
1046.2
930.67
1037.05
1019.05
1188.65
1111.83
746.83
685.65
1133.06
964.09
846.17
893.05
697.73
781.82
956.22
866.87
1356.7
711.27
1125.59
1098.46
915.93
1137.34
1287.64
960.98
799.92
1614.64
992.84
734.17
1390.52
1842.08
1845.51
1239.73
971.94
701.18
1348.11
839.62
1049.67
1108.96
893.6
1155.79
855.31
1058.29
805.84
1144.94
876.14
1364.77
1166.35
1030.27
872.82
1398.14
1375.89
1232.39
1131.32
843.2
1327.32
875.02
1420.97
895.21
1078.74
705.45
1048.33
1659.92
680.97
1280.93
893.6
853.46
1215.19
1104.19
906.17
1203.77
710.16
1657.0
966.88
708.68
718.63
706.07
692.48
1459.39
869.14
1233.81
1262.44
1344.37
949.3
1218.36
1097.75
1603.89
2101.48
2115.34
1480.83
1179.46
1924.32
900.49
905.63
834.1
1162.67
1501.48
1164.36
1172.35
872.9
672.35
777.93
1486.99
1768.02
1125.07
873.64
1050.45
800.48
1169.83
822.61
1112.42
880.22
1119.95
736.01
1108.88
1061.84
1020.88
1314.65
1331.62
952.16
721.11
1425.2
1186.93
875.06
1027.35
1233.32
811.2
1067.1
1472.3
1249.89
1580.92
1980.41
901.96
1784.16
1589.45
1083.32
719.78
1568.61
880.78
717.62
1297.34
875.14
915.92
979.1
785.91
925.07
816.57
1753.65
1366.62
910.3
1178.36
1388.32
966.0
985.98
699.98
1668.82
1331.48
791.78
1121.54
844.44
1278.25
1058.36
804.88
1148.59
1546.12
1203.06
1100.38
1509.78
862.68
1075.4
1115.37
994.87
1527.36
893.57
949.22
1027.18
1220.32
808.6
1312.04
813.29
1152.85
1096.21
1340.65
1240.74
759.45
986.8
1072.88
955.91
1156.53
876.3
882.35
997.94
1413.51
956.48
829.15
1091.5
1396.79
1339.05
850.62
903.92
973.91
687.71
685.85
735.51
698.7
963.82
1291.26
1406.85
1246.85
845.37
708.52
1020.21
1061.3
820.15
1060.59
1603.55
1500.82
986.8
700.89
1219.89
769.45
1405.96
1247.46
1464.47
738.57
1123.36
982.46
948.21
694.65
1298.51
845.64
730.84
1636.93
955.07
1044.7
1266.79
1527.54
731.66
1229.08
1290.18
1337.73
1028.63
1120.03
1487.04
852.08
1132.57
1030.29
1070.08
987.05
1314.93
981.21
930.46
1177.83
1532.31
1392.31
1100.28
1509.8
835.03
1100.81
740.12
1083.15
823.97
1059.01
738.44
1329.05
1176.42
1389.79
745.65
1215.98
751.53
1695.38
920.53
1254.02
1557.24
2446.98
673.84
686.56
881.87
1136.18
1052.19
1158.52
889.65
685.97
1126.38
1034.61
1243.99
888.05
803.92
1808.29
1085.44
756.07
863.58
1369.41
962.61
1357.5
981.23
987.11
835.21
1319.36
1046.48
670.84
1008.95
1048.63
1962.05
1409.14
1060.51
1078.76
798.14
978.4
1210.0
1072.95
976.46
760.66
1016.66
2211.64
924.68
1237.2
888.42
869.72
1399.44
874.41
1131.85
1105.74
1126.82
1244.21
1037.21
1014.82
982.33
1377.55
1296.39
1746.2
927.71
858.08
912.89
698.39
958.24
964.63
1549.26
710.87
1171.66
1551.92
869.89
1080.7
709.91
710.82
750.98
1066.75
975.37
1319.47
1006.14
700.07
1176.84
832.5
693.77
698.7
877.84
1489.95
1124.45
1142.16
1015.27
888.76
809.11
887.1
3167.86
742.47
1400.5
902.49
979.9
992.8
1341.32
743.0
944.18
2323.74
947.15
690.26
973.83
1103.85
1457.49
877.27
805.41
1003.86
680.74
1009.29
1141.1
908.59
1016.05
1172.25
1218.99
970.93
1735.04
861.0
1121.35
849.35
905.4
687.65
1070.36
958.03
982.03
970.94
807.29
1960.96
754.42
956.95
1192.23
1093.71
1110.41
990.05
1077.5
