1111.29
1232.79
1401.2
1087.91
1138.41
1284.36
1271.92
1239.23
1192.03
1208.1
1247.3
1090.65
1190.71
1012.09
1254.13
1042.79
1022.34
1308.9
1653.19
1330.15
1272.22
1326.3
2016.48
982.5
1043.12
1060.91
1048.33
987.23
965.14
966.3
1103.72
1027.72
975.93
976.62
1027.47
1093.85
1101.63
1047.65
1249.96
1220.79
1022.24
1065.48
1078.12
1106.49
1149.03
1541.31
1011.06
1489.63
1008.72
1073.0
1162.47
1181.61
974.26
984.5
981.14
982.49
976.28
1240.91
986.35
1088.17
1079.77
1088.43
1293.8
1398.47
1146.15
1436.4
1218.13
1095.9
1013.87
1042.83
1032.43
1050.8
1143.35
1081.76
1006.66
1130.33
1050.8
1113.57
1168.63
1102.2
1142.0
1161.07
1025.18
1109.9
1085.07
2112.82
1402.09
1269.52
1168.69
1046.82
1002.68
1146.28
1209.83
1107.48
1125.29
1094.79
1061.78
1089.4
1083.56
1432.54
1161.72
1059.56
1065.36
1179.94
1037.93
1011.24
1119.37
1268.08
982.03
1146.93
1242.89
1026.17
1226.64
1235.75
1155.35
1128.89
1249.59
982.06
1021.89
1110.63
1081.11
1053.21
1230.14
1099.66
1087.76
1098.13
1188.96
1101.29
1253.57
1100.7
1042.9
1214.74
1172.76
1213.33
1221.01
1097.62
1079.34
1190.51
974.99
1260.19
1025.55
1363.05
1145.15
1004.99
1126.86
1119.12
1099.1
1253.33
1222.01
1066.39
1078.19
1410.44
1473.04
1616.35
1045.33
1100.54
989.02
1122.46
1059.17
1006.04
1145.17
1049.04
1106.73
1091.99
1300.6
1332.29
1143.6
1077.58
1145.28
1325.79
1034.86
1026.99
1123.87
1075.81
1054.02
1089.72
1087.21
1106.66
1265.06
1091.63
965.87
977.41
970.6
977.27
1009.25
1034.67
1030.75
1092.02
1076.74
1088.02
1085.55
1178.99
1018.57
1009.65
982.96
1093.71
1360.79
1135.27
1096.59
1083.42
1060.38
1114.72
975.63
1146.28
1032.4
1251.05
1140.56
1112.93
1107.67
1251.45
1326.77
1544.46
1127.51
1115.21
1294.78
1173.54
1040.74
1349.98
988.11
1041.37
959.37
977.16
977.75
1101.4
1633.79
1127.21
1035.52
1037.64
1113.95
996.17
1057.76
1003.85
1088.37
1296.46
1044.52
1638.21
977.51
1190.21
2154.73
1300.42
1039.21
1133.81
1054.77
1261.74
1256.07
1141.46
999.77
1019.77
1081.32
1303.55
1327.95
1404.51
1200.98
1106.78
1044.85
1041.09
1022.38
1232.2
1053.58
1066.15
1077.23
1346.65
1160.91
1297.47
1141.94
1372.36
1066.03
1025.31
1025.68
1213.01
987.35
1095.99
1004.22
1102.72
1030.08
1123.7
1009.05
1070.08
1063.87
1163.69
1116.09
1108.3
1057.5
1190.15
1015.9
1060.63
1250.1
1206.37
1132.68
1160.0
1371.4
1076.59
1081.58
1137.0
1379.82
1127.81
976.28
1034.4
1154.59
993.79
1081.98
1103.27
1046.08
1107.35
1901.53
1208.48
1012.71
1242.65
1207.57
1094.38
1347.1
1053.64
1171.74
1352.84
1014.42
1061.89
1133.96
1082.63
1060.05
1107.65
1080.1
1804.65
1137.71
1055.68
1137.26
990.98
1007.35
1070.71
1222.56
1192.41
980.24
1181.36
1225.62
1001.67
1094.98
1059.15
986.15
974.93
1021.15
962.93
962.49
972.4
969.03
1032.54
1070.16
1149.78
978.29
1026.99
1141.79
1171.33
1027.02
1277.28
1059.24
1157.07
1080.09
1099.86
1056.03
1408.77
1039.98
1069.77
1047.41
1170.5
1168.39
1090.84
1000.81
1092.44
1022.45
1170.87
1495.11
1144.46
1075.69
1185.79
1786.66
1447.33
1430.85
1257.11
1180.44
1220.24
1046.59
1137.49
1036.0
1343.64
1020.99
1119.97
1070.41
1084.02
1406.85
1292.31
1288.73
1369.59
1082.45
1167.73
1151.22
1120.33
1023.34
1031.96
1077.48
1013.83
982.63
1192.77
1167.68
1002.54
1049.37
1009.51
1009.35
1178.56
1137.21
1025.15
997.68
1636.09
976.59
1089.92
963.74
968.01
1145.49
1032.36
1073.72
1025.96
1010.89
1207.82
1022.76
965.59
1004.88
1022.28
1684.76
1038.03
1022.57
1117.88
974.32
985.65
1111.26
1329.61
1407.47
1021.98
1102.11
989.76
967.7
1309.84
1004.31
994.27
995.59
1094.97
1087.22
1174.68
1357.5
1039.33
1095.26
1019.65
1016.79
1053.68
1034.07
1017.79
1018.67
1007.26
1021.5
1099.51
1057.31
1045.46
1031.18
1186.77
1234.74
1197.05
1027.83
1034.9
1044.83
1158.76
1130.84
1404.29
1176.83
1113.07
1080.73
1235.73
1077.61
1137.07
1206.54
1280.41
1070.81
1141.7
1093.94
1283.76
1304.93
1192.59
1196.49
1110.85
1034.49
1124.43
1031.04
981.82
975.29
1127.47
1008.84
977.25
990.63
1021.81
1025.74
964.96
1109.64
1113.18
1089.84
989.46
993.04
1034.94
990.89
1012.78
1078.76
1631.64
1288.38
1182.35
1145.11
1346.71
1255.64
1060.64
1060.65
1069.17
1076.53
1338.02
1351.6
1391.47
1359.53
1520.61
1277.65
1501.81
1420.85
1412.56
1386.81
1346.24
1444.79
1156.81
1065.1
1015.34
1145.3
1007.28
1087.1
996.81
1039.88
1373.3
1075.75
1104.71
1070.47
1112.17
1058.52
1109.23
1027.83
1118.89
981.97
983.4
973.61
1069.99
1194.03
1094.63
970.36
1029.12
1012.93
1071.73
1008.65
1123.79
1124.7
999.22
1010.6
1014.81
1296.74
977.76
1046.12
997.37
1088.02
1173.27
1048.49
2065.8
1216.38
1175.75
1046.82
1032.39
975.09
1064.31
1210.83
1035.12
1127.51
1073.12
1095.95
1060.12
1018.99
1162.07
1036.79
1026.62
1644.53
1009.42
978.42
1033.18
1117.84
1190.74
1052.37
1008.58
1521.54
1074.14
1013.36
1301.72
1150.42
1096.07
1085.59
978.53
1046.54
1024.3
1029.72
985.96
976.55
1009.96
1010.8
1038.16
1060.09
1017.8
1253.04
1584.9
1287.21
1240.61
1509.14
1076.99
1088.78
1092.13
1027.3
1115.4
1241.66
1021.47
1075.26
1139.16
1180.24
1150.67
1019.76
1003.87
1049.46
1081.46
1016.44
1091.48
1161.33
1057.55
1016.15
1015.99
1124.79
1027.67
1260.74
977.63
1121.16
1113.66
1121.69
1022.59
979.15
1024.69
985.63
1204.14
1141.98
1153.53
1071.42
1214.31
1141.31
985.1
972.26
994.78
1163.87
1252.45
1026.51
1108.97
1169.68
1136.8
1229.27
1451.0
1203.07
1138.53
1065.62
1028.49
1996.08
1237.79
1348.31
1209.27
1624.56
1108.21
977.15
1096.74
977.82
1228.11
1097.45
1099.74
979.63
1044.23
1082.05
1119.64
1019.03
1195.2
1158.17
1082.92
1047.3
1176.29
1063.83
1165.99
1137.21
1614.81
1122.9
1028.78
1038.72
1110.55
1147.01
1044.77
1025.77
1067.64
1093.3
985.59
1040.83
1032.38
976.58
990.4
974.98
976.0
951.25
967.84
1014.82
1064.52
973.01
1121.41
981.49
1277.31
1083.51
1207.77
1298.13
1341.01
1085.93
1303.46
996.22
1070.34
1348.02
988.65
993.2
1011.92
1023.91
978.83
1150.13
988.77
1024.71
1397.5
969.92
1086.34
1090.59
1089.51
1018.37
1092.84
1077.73
1126.36
1044.44
1083.37
1064.91
1031.98
1092.16
1211.11
1031.29
1055.23
1021.43
1090.11
1227.74
1351.2
1869.97
1048.01
1046.77
1337.33
1190.57
1164.88
1096.56
1016.6
1158.79
1067.03
1099.57
1112.67
1036.07
1181.03
1123.76
1043.09
1161.32
1290.96
1110.23
1070.84
1113.51
1023.99
1019.3
1070.19
1129.28
1182.28
1269.94
1567.65
1506.0
1137.39
1311.54
1052.97
1016.55
1040.25
1079.41
1097.56
1230.71
1173.83
1015.35
1154.9
1054.47
1000.1
1027.07
1195.38
1217.44
1305.2
1102.61
1051.47
1057.93
1163.14
1447.35
1057.33
1058.9
1219.23
1136.12
1263.46
1112.9
1146.79
1070.22
1169.2
1103.33
2057.27
1089.59
1037.45
1066.31
1097.39
1037.48
1074.64
1061.77
1083.65
1088.88
1056.39
1102.21
1037.4
1169.49
1165.82
1912.31
1043.88
1357.51
1117.72
1079.94
1154.96
1026.61
1066.39
1126.08
1060.48
948.05
1094.5
996.72
1055.0
1022.69
1080.64
990.97
1108.89
1077.98
1097.02
1182.41
1160.64
1016.2
1068.89
1066.98
976.77
1098.91
1250.21
1022.77
1043.48
1058.88
1030.23
1049.75
1074.22
1010.3
1062.83
1041.0
1061.66
1123.14
1089.41
1030.74
1177.23
1238.31
1045.92
1017.46
1125.18
1264.36
1137.36
1050.56
1137.25
1163.49
1134.69
1046.97
1100.46
1163.46
1051.69
1246.83
992.54
1006.03
991.56
987.8
1020.0
1061.45
1017.26
1006.11
1040.16
1007.35
1572.19
969.29
1094.94
1049.84
1045.31
1001.29
979.13
1077.77
1084.46
1351.12
1051.15
1051.84
1067.36
1407.26
983.08
1065.66
1129.11
1670.85
1233.35
1101.95
1054.04
1072.71
1109.41
1116.59
1028.63
1025.48
1135.14
1052.61
1039.12
1138.05
1035.73
1111.07
1079.04
1100.98
1074.7
1082.92
1176.24
972.76
968.82
1053.73
1026.43
1049.49
1019.91
1090.6
1015.5
1073.47
1031.93
1089.44
1229.53
1136.29
979.02
1037.41
1042.39
963.16
997.6
1072.01
1103.4
982.5
1119.26
969.46
1039.67
1020.61
1092.35
1069.79
1058.31
1242.27
1004.55
1027.98
1059.66
1121.07
1086.84
1066.17
1015.77
1072.84
1023.51
1151.17
1053.67
1233.0
1012.71
1023.4
1131.36
1095.32
1061.09
1134.95
1020.89
979.37
1051.02
1007.72
1102.71
1031.28
1112.42
1081.58
1230.03
1149.59
1104.51
981.73
1117.98
1233.55
990.0
972.96
1098.84
