3225951410
7911278635
8206270455
5278299140
8992726359
2048371730
9226774774
8654581858
5185292185
8919513283
4562470218
2956708772
3608688587
1361080818
1965051285
6484682049
7479538945
8267522773
6581769634
9429041981
9639884970
1578719276
7377682025
8993189574
6684375536
8155019874
2693112288
8249546812
1779673375
8361955922
5430783629
4089068660
1005169980
3394133106
6417181005
9336655059
2153073227
4415921235
1258806159
5390566845
8029914547
2342888189
8362622769
1598076806
3840410479
2290409611
4815140847
5146853986
8704568158
7740706413
2283567411
8679498762
9476424997
3201201199
7023825169
3103441713
9495318429
6796433580
7166482688
2666482700
8798082181
9447938575
5303815726
4069007043
3349559931
6273134438
2547209314
5136939207
9313795854
9859817241
2120291608
1778097246
4368281085
7931526803
9880159104
5152831136
2952054471
9025540223
3149834575
7748930388
5617637078
4138547693
2702969933
8324402456
6567298358
1784128416
9312816923
7015006349
3942784750
9569359335
2230446226
1125742264
6241283325
3996343674
3112939706
9649572764
9704633771
2559798285
5566692594
3828130701
3743312178
5236423067
6246383182
5835784164
2134684317
9882270557
3243152854
4584775801
9934141940
3108192022
3399046961
9460869474
8535498444
6352677169
6825091128
8191659086
4352307904
7827068107
9623455821
1965986710
6350880828
1506738208
4165295316
6769441848
1280177665
7535864126
1359515791
5199565954
8586593816
3081120095
3594190782
2946790885
8699811502
2121878262
3656276254
6893182910
1444029691
8391035815
7317767417
9351483916
3012781079
9705565033
1867732121
7324655057
9903143635
2376949605
2694964214
8317671408
1552018195
3202679650
3970562628
3844616227
6888349926
8751033495
3345421645
3315701742
3480666185
4348802276
8302520853
2696614376
9134930264
7911820151
2759115078
6591713352
8754107212
9017741738
5623298940
1817188176
7463109854
3140936341
7176567658
5312017789
2209957295
9119964289
4943068809
4222162099
9833399358
7796954389
6310793757
6663763221
5349811840
1538241185
4857262841
9135472232
8592100634
9384395284
7108295176
8132253375
4167770634
4818092683
1717351273
1600145867
6896871495
7158704164
2813280864
5551198682
6165631154
1730543139
2674507798
5895045846
3370464243
8759926523
1986601018
4053285770
7925186435
3136787331
3156697840
2962126736
7607949904
4341072668
6431311771
2524552420
4759823305
3899116440
8565490097
9511948581
3737489415
9076828550
3684123901
3038476410
7362833730
2983917999
3816222344
2805733718
8915269882
6791851367
3623468735
2026754205
2269542319
5670738819
8954503523
2049606193
7961176265
8187102999
8019024085
2647670314
1347784504
2597931846
5138552521
8530454453
3477985084
9102063692
1614904959
4119490003
1234528351
4195348387
9418593623
5240294883
2360731663
3784983684
6356812759
1244382983
1012579520
7705292456
9782220481
9907141405
3671145362
3637614186
6468262263
9870210118
4714145274
9650272253
2477507225
4670626253
2375693030
2048723886
2280465961
3141784877
7088005381
6553540211
2543618086
3441508822
4468439125
4024232581
4982398519
8895820722
3913845017
9136233310
6275545529
7106812279
5244978760
2215096018
3397348527
6835808448
2046317661
9094986767
5517702051
4377608937
9249267806
4436757866
5626939789
9357583332
6472886534
4177287246
1716073130
6590367552
4612033790
9307493344
9299800139
6296955463
1804415443
3429817657
9538880751
7389199932
6114547323
3155093186
8005021360
6841251366
8647271195
6188040519
7727538003
4425435005
4309293428
6526042853
2673873855
4257118684
7191573852
2011856112
8636344192
6141223521
7243299266
8917222138
6474667626
3098821839
2700111451
5055554530
8771973114
8893395999
9846581536
7227261530
1718021507
1610836605
1318368734
3453262355
6987399627
1903930924
8279411604
6962800300
7927314786
9084274086
2756518485
2067963368
8944129568
3468519154
8208615786
1980581021
4875483705
1906675236
5124414046
7813716128
6511178694
3071314165
6465122240
3978459235
3873084324
2052292231
5385034119
1524511962
7802024383
8803093670
6910396986
1700235165
1978423662
2210856178
5919488191
9791998814
2143736180
2196723597
9977329564
9907755067
6110856899
4885070448
5239041021
5550207244
6365794270
7485870359
5563261303
9569886268
4209558143
9072847181
2592812442
6755767476
3109672913
2569750421
7303271823
6527606739
9132797057
5372669057
5727006385
1629262348
2072844847
4660434161
9349899198
6319714277
8260880714
7045804378
4898957119
5043616869
6767614556
2237554162
7731902067
2746546356
9770175437
4795789596
4488632445
7079957189
7861721893
2378078015
4122183403
5783056615
6709896684
2532788943
7952243659
5126192714
8099867259
7292948504
5432625834
6537824376
7558076164
5540614097
6411431108
4528775213
4471678350
9505713602
3073300517
1882523951
6407436505
6577557278
3465951003
8308270024
3686462495
7600100575
8669159721
8914635678
8606547928
8373386659
4299831578
2007769695
8674688801
2681841568
5723492362
8461485986
2666359740
4821358246
2383849698
1182340987
4075153569
3615855661
8394536969
9596711520
1512236994
7672120531
4971314960
8206570400
4401924975
3073559988
1578926531
4818739166
4464196843
2790793155
9667424392
8844991543
4633876676
5587730276
6606821044
5497780236
3926205140
3640809661
9080294777
8357030215
4976640075
7920995204
9701098305
4717008991
3502709409
1454932310
9445431549
9579282223
1410142935
4703734156
3672900221
1173381266
4394670661
8523260190
4868897336
2141030941
1821057100
6333572350
3691883863
2812395040
8957172919
7691965801
6277522483
5910078198
2790777388
8377275995
9794027388
7300204017
7068457462
2482853068
9289373589
5184272282
6816318105
3384605157
2274118689
6743058821
8348951643
2507840056
5847989444
2308917863
9629105236
4238116472
1432085130
8645375766
9498673031
7815436482
8405698802
4674834545
1357383974
9631221452
2369454340
5595522569
5080991335
3910692791
4275281672
3469351431
7588640639
4287180131
9742969498
1595159749
6877625929
1560909586
9528458693
4275622159
1491133748
8333698784
9112521053
5196831249
6850486762
9029166585
6630411141
7214480990
2892205705
2553586891
5246867516
4887169843
8026442116
9220497300
2427857584
3126237471
1727640082
6042696538
1202063774
7539847925
7340192790
3681539725
2256432357
2071616217
9175794042
7677578739
6667290776
8222063405
9402652947
3169858660
9038650295
1130930707
5613369927
3877931286
4531261917
1547320741
8588458443
2897739470
3916779480
3742961504
5215868959
9572399885
8591616960
9639904567
8874126111
6475582924
1399916066
2826812243
8932702238
9232942572
6685636698
9041661251
8344583542
3482626573
7725124151
3394035413
3325914184
4807210363
2605687905
8649319409
3131154981
4237633649
5027233030
3406440088
9350717122
4481268070
9855547691
3007521649
4712284349
1567961867
8536273681
2133495870
1247920412
8229228631
5567209456
3959721779
7780802953
3649124060
6234064070
6421282511
3939317049
8351997081
9844087786
9218482357
1460513986
1937024557
6786877430
1193399223
8190109124
3858402937
7091272876
2469678162
9059154863
4532261818
7444961425
5901144942
2289058716
6699359162
4413470695
8824279489
4190011359
9371307836
3468715667
9519382038
3881952615
3627499634
9166552177
7610947102
8241800713
2233786346
4835541862
6659407475
6511342821
6870263050
4174897953
2768826766
5559355917
5185822227
9349595094
2282845900
8077687143
7279275153
8366470726
4115293505
2737763582
4507685084
8720765241
3193258742
6558502099
1927462109
7609197185
4438429829
7357629681
8601667071
5400841849
9680740841
6660203883
4291246851
4556235722
4391640803
2756054912
5816235656
3060721621
5347703493
2859571421
3304778279
6835118609
4816146232
6283648146
2196707002
7290878426
9684656614
6915690797
5851599415
3321489097
5370107189
4664726959
8677613534
7794836420
6554371454
5355103420
5251953131
2167340269
9962194684
9429394310
7805615685
9516669492
5129318883
2810908516
1075135746
3006280943
2766437617
2976634705
4044050739
7380394991
3905077772
1182359439
7742890033
9371755028
9808293493
6881580205
7868822309
2783943424
3504669659
6469090764
1805630049
5960585212
1140522848
6487166200
3530281265
4774388132
5270706189
3378992119
4059175008
1538627137
8411340181
4986712828
1530406375
5995846175
6834094464
2190833284
5907854343
4739358375
5641021707
8445417582
4790615959
5522445054
9742581742
5916729865
1259216024
6266734159
6196774807
8092935222
5821793992
6204846536
9054525917
5967302884
5205726993
5338933671
2493611175
6018925178
7810073332
7207132245
7154286681
4810285989
5293752455
4995899319
3484619625
6785795457
1644730005
6277097585
7487829712
9147480685
5186340751
1818945000
9041604766
3247111075
2548957941
6962178863
4180305494
2201747778
1259070244
2673426295
8776918229
5022181234
3191249995
3984223697
3314939911
4228427692
5334941276
4753285553
6083884816
9246378983
4446976973
1861543086
6231432427
1922124368
8632758413
5862294173
9878009810
2304009200
5650693726
7928279169
4566417506
8073066596
2021530847
3943315930
2966294004
1023177091
2902626160
9600364438
5133335105
5024259821
1270729021
7265837639
2634526362
3822770404
1063057443
3910346988
5603942349
2420108768
1871898191
7969068119
2319495170
8526758892
1338160805
3201644099
3968037450
7517715454
5787114538
6021132988
1014027486
1892124962
6689926714
5719516125
2350848278
9410249706
6553344714
4924849927
1875800273
5167504586
8446441664
5737564741
1724284696
1884128899
6240472808
1333475115
2339309818
3672464091
9144857652
6544758593
7207514925
1207569159
8865387068
1784417463
7092345721
6626929731
3006925032
3523148082
9527476304
3691065086
6553845284
9421475508
7324261693
8349000337
6654924311
8458266493
3235850156
2275563315
1215044729
8111430184
9687293687
8339745423
7608126846
7614389605
8385705524
9137141544
6532730430
1354997018
9677764205
8590023688
5959883342
4189455302
2003752097
1820934653
2457020495
3173062849
7165375396
8295941858
7693150452
6411821882
9877473901
4636844608
3873450153
5578711939
1959616400
6974864776
7712949425
1946894176
7585189374
4725017833
7077468152
1332944544
8875966669
6917492163
7203098783
5779174303
9879651366
1527171931
5616285404
5459684966
4195894105
8526122738
6304980470
3326298127
7761357750
3832906430
3811347655
6761190157
8106570722
7016732388
7572165220
2937343796
9273232776
8271657205
4536696331
8480205979
4149294826
2127367753
6896689369
2160045422
4635735565
3059322668
7572486741
5254719815
6518989693
5998357455
3641652098
1625739800
8629745513
6214804917
7159397408
3484049862
3384029376
4597183790
4176106461
4862594964
5547995309
1832444043
8122534600
6277507178
6710645071
6221443255
4425207176
4791162589
1412485118
7501359735
9656487903
8801749861
9703085118
5520727980
4369593556
1129306275
6956032294
7090131928
8132227024
5786777103
8167834965
9692131273
9846365966
1433048580
4372644631
6795076116
6298943546
8920708802
3685685357
6667130464
9861280522
1997667152
2855310072
6388147542
8150320991
2274936966
8865773823
6519471169
1542634895
4112429224
4197777997
6163656684
1076051957
7092019242
4458625671
1605027017
6068571453
3143827185
3294678346
8441099885
9760406176
3859738150
7352676569
9214292923
2815291049
7618319017
1085241983
9893165675
4155198816
2183377540
8845700855
1053630974
7048323084
1293079514
5400090071
6332391841
5490209310
4837217651
1282254828
1761267292
6965761343
6207609808
5697964241
6229084478
3256940857
8405501320
2881886781
5867105929
7186998205
1680913693
5168097768
2878662585
4059141028
9397501480
6964142228
6442894172
9871726661
4005298105
1122071148
1337038422
9990462193
8163681298
9064532573
9782226621
8425583483
5005433142
9766237128
1063325979
2116816610
6371985118
8412028670
7427031869
7954189737
9137429966
6770252036
5189370522
1321360114
7244555445
5349101163
2046264941
2146252805
9755755273
4302732826
4039707925
1279373867
7073444643
4430784001
5687926742
8590722843
7693020214
9267670073
7452125542
7457742426
4327037280
2506968366
3242130075
8374790818
5242049686
5853975158
5820549741
3649104493
8957724776
8027880051
3761860929
3662853763
5620439874
6324056561
5084446768
1440707727
9068400034
9765455074
9009150176
1691358746
7983023428
4481730119
6516547177
9651788433
1820186707
9692619249
3997537518
1816030596
7060696521
6217384354
3415866722
4925379327
1736397945
8458258768
5028795258
1834312208
7448965576
2265234283
9487220406
5672438246
5113774901
5159448220
7130147347
5791198979
6443858368
6913726220
3469428942
1552262769
1688642127
1944638775
6557796188
5449788025
8849888835
9452134700
4175640918
8286512288
3060381250
9045242184
6946197859
5144066593
1761752118
7065898736
6935303141
3135390588
8247729432
5063254748
5590192556
3271540391
2880112877
6451169418
7492113189
2599086582
7072286573
9120884389
9873833130
7794702490
6239347529
8496581840
5791798105
9706778141
8543912936
7165421032
3329423085
1285758030
9029043983
5879396151
6849608161
2417613587
8547891563
7225933368
3714533272
4491217809
7749601478
2150423282
7352453390
7966996832
8199887632
8705139003
9550867829
2338842060
6851243999
8536810158
2245487920
6513481841
1939182731
8359995485
1304741170
4012027616
6350896716
7456589676
6383052461
4558489101
6999115383
8656799023
8611478165
8818517433
1569005118
2328212969
2909348851
6596624581
5592492919
3838394077
8055142357
4779958633
4873628859
7141374531
8357950424
1368504494
6867470286
1233037249
4948083031
6262242526
9583737175
4993064492
9251427692
2550206958
7638010456
9521482978
2934740017
9301517218
5578971168
9496401780
2114684178
7163009646
5995125800
4694333054
2198644686
1842663328
9239344992
7210990668
2203446217
9743649910
5084884269
4472053827
5054882845
5534195132
9674716620
4120483067
3370624451
6967418739
7096879413
4728140671
9063977036
1875940220
3741120035
1247234625
2295204556
1472613110
1473393870
9369178419
3306307132
1118129932
7815321584
8275459397
6981131635
3786417593
5722030948
7278599882
9913786504
9683379225
1496259575
7647271870
9133693502
7545801242
5011125510
5603074832
5133965211
5569285732
5827635958
3490510130
3814439894
9853178564
4549335570
5839826231
7404147058
7359918584
9771827798
4499808094
2663876628
2578307745
8531981351
8955827398
6581758178
1031966296
7127373694
3610617547
6546587856
1436181133
1381967611
8403949698
4120993047
3870390631
4350907502
9765482747
5061573370
6594235290
5568222897
6328089646
3906631670
3182409820
2420115397
5291780312
9948832933
4356993119
3382656560
2921342456
8765864766
9710946953
1542218008
5923002575
7987688988
3675606733
9705395797
7036231605
7065223074
6500666836
9956733384
9531229704
6972463738
6437435137
8658512700
9222844664
2554410190
5676975745
7564140029
3733167088
2117301770
7594123693
6023704615
6781695710
8582220376
8893457472
3426442932
4530770039
2130640242
7464489643
6420335340
8862810244
5408546671
7468576888
2600973887
8872205538
8582097683
9147042574
7866051830
3279486656
8931352374
2130076910
5186938328
7262101058
9772867052
5798056364
4987700166
8793987511
5829075792
4595145561
4508856512
3317105330
5715878239
2869895609
5724706291
7998776960
9526182704
3726756307
8143817568
5847632015
6202819882
2534285234
6487893812
8687642755
1088554138
4026071505
4646827642
1811688823
2304775846
5357684374
4208491472
8299565950
8463605056
3257108023
5299125411
7561175338
5239722212
9044396756
4508229455
1812470192
4123552715
5468280561
7715291274
7551333425
1691989661
9509589981
3985919682
3346638101
8424266310
4228662119
2081709123
2081500184
3956909611
3587034527
1237284630
1935092816
8308177796
9093581630
9874038909
3687864809
2219634016
7545211103
4572597905
5012142762
2104559119
4745905275
9054805272
3895320621
6491190940
7772493465
1806031221
4013580745
3654999061
5800261992
9069916532
4793121581
9972768874
3538775587
3472236434
4018345934
2613471002
9583558392
8918103200
9076233145
9292751836
2045092444
5083475288
4633178934
3017579404
7410461165
2460749730
4668573789
4802632702
1888401762
1904909257
7226458311
8545684025
9396519287
1508602222
2537196060
6341385455
1970000670
3175962345
7204885687
3420651324
3561054462
1001617856
4920372214
1254111193
5775409488
1821878324
3374982468
3240875090
3336493064
9695778593
5848347591
4987322806
8811641555
6590290418
4559635381
7220537067
9138062229
3859515568
8821947400
8342110135
7129762581
6359369437
9497267677
9339252682
2390162172
9865840490
1920242019
6599998072
3630904455
1048373446
7884036793
9635177696
9845117778
1901418156
5451241825
3188484015
9494463938
3559272499
8216459935
9811711129
9472077368
6038168585
9512173640
2555308633
3175180458
6812506339
8803557213
8590772743
6713909028
5727514834
5803605972
6359976599
4595409330
1605235443
6737408424
1860190549
6315957344
1117623581
5253848847
6377109875
2212867170
9539784732
8414208585
4890888697
4018910728
1154978874
3625361526
5272558790
3023577839
5772528169
9557416622
5260153833
2767023412
1701894908
5032510136
8399036965
6937318780
2257045340
6527955575
3455750124
8850420642
2336953968
6243696224
8279775925
1985781187
6706669598
5716596014
6325234089
2018868984
8682194528
8973627471
8899396863
4269456403
2855427323
8981017937
5651632958
3383430395
8327871991
9011574215
8206576407
1142334567
8821834395
3740997757
7489614188
2926555863
9199767204
5140259295
4220850580
8802020397
3304499201
3544770397
4177191711
8845033141
8141210777
2409659711
7337300126
6937162674
7786112685
3891636734
7653725432
5540210433
4982637233
7131005933
3649749001
7174964569
9477250360
8675540371
7216996633
6860644981
3836680896
2624667497
8773005839
6682258810
4675628107
7921742044
6482238726
1329187580
3107123548
3223998098
1038549616
2488529380
7819260517
5777737659
5836541292
8396096942
1628825053
5057649453
6302603773
7157455910
5132357495
4875547208
4680436463
5797252330
8640267196
9441701748
4442834052
9886766779
9285808764
9761236328
9592937346
7854711298
1365767565
2750321529
5968847732
7541058961
1211192996
9898414356
3340380423
4132585310
3142475430
5999822395
4162266933
6931434758
9602488085
2753366029
2463027977
1927645585
1660013356
5345655126
2501406274
1569242512
3803336858
4784976040
5117932096
1615283662
6652313864
9990019582
4878245518
7988864204
9176006556
3515427702
6994265742
2098114849
4370975433
9892821956
9762037311
8631487474
8182542854
8373351149
4847259405
9817767949
6644819692
6507779988
3960200531
9090958189
7669848143
9309117963
5680425292
6634301437
3234368688
6628069351
1177984011
4608990774
4529753747
6995285795
6683566804
3961873158
6821132325
5893078198
8187536250
5219849136
8550469480
5200184881
7953827541
3087444928
7482597844
5402955147
5870232851
1375998061
1291699526
2623497160
2410942241
9651022535
4567490882
9075074118
7271475735
3377532605
4491085713
5596229362
1333310784
8846320653
5864254904
9001277546
4674465885
4861303934
2314349694
4420475740
2466537163
7493709946
5068156448
8955518135
6268999229
8267537524
3043457275
4015873949
2300636655
3322335061
7854957984
5496579563
3087903333
5831782587
6526518776
2244740513
9484924720
5300467126
1580674438
6554070055
6299912633
5131166652
1773158516
4482394744
2235827585
9515971027
2450113416
4109487096
8208241162
9360531153
5675509347
3457204694
2859114339
2041437563
4470113363
3366393250
9074713785
3421258644
9233995906
2712790793
5541946264
8205682578
8314774687
8421156058
7254814376
3077303086
8151275525
7287787260
9081492157
1283365446
9450808632
9768087918
2356576967
2506293226
2045199083
7918129284
6591483361
5920812093
7759137504
2526179947
8278526801
7804529286
2155084810
6270429811
3566825916
6686187465
5160514796
4861741087
1149777562
6769875736
1556003299
7073720874
7996474825
3652811459
4437627293
4954480392
4122855461
2573737179
6415425977
5063518957
9159254608
8612488282
1316009850
6248639939
3271916766
3226996691
8799716623
6861147332
6304472025
9762792890
8393904164
7135145337
8365017438
7370265997
9164698716
2830844312
3960039595
7047052896
9942524697
8394376179
1337887311
9597370926
3700183640
6349858448
8046214326
8569290536
4204870825
7805542906
1405257840
2033631799
5960880274
8620919119
8838711487
9294775463
1677688466
3226744067
9057949861
2973295569
8371182367
9864970325
5456571840
3986087533
9929037027
9248236265
4212829598
7550029418
7483097823
4701543492
8677882983
9611597759
6290502534
2167381908
2135125005
8594715062
4243397942
1931948040
3431900826
8345552173
2344951766
7716574488
4058793401
5135350618
9993892059
6569252011
8948670086
2601165635
5343254570
1981161240
2046124432
9813595918
2170868630
2448315639
6502389392
2604778593
8850618548
5215140396
1326640628
4778255272
6085873589
8259212779
7752211051
9600489077
5472323687
5508286891
6048744204
4960254022
3124434109
1100265372
3914989589
6829125585
2056300652
7255992121
4302750875
4905030014
4288046223
8775998244
8118957348
3348974969
9360953265
5874946794
6093323921
7789039763
3339344728
2637961821
8802097461
9424988314
5776296547
4932669285
4079962394
2255125862
3340757887
5797269083
5856119331
9743901433
6875671714
6552662920
2687222390
5588322272
1711688690
3146579833
6669247484
2859750556
4013379377
1262737920
4776900947
5039253840
1888862883
1322885870
3619169671
2389078382
9770063177
5143502365
4584803792
3170051267
3211310580
5494362667
6774939700
7279685505
2679685673
1647623056
6452765405
3328355917
4571258563
2631145406
4831907474
1710410093
3194178797
1190398033
6360443996
2741192467
6000273436
4667580189
5079945876
5389748935
2240046145
5142987208
1649114814
5879346955
7696182681
9944381289
8424817262
7460176395
1959132676
7614128873
4223488881
7598739645
9707557269
7664506756
3902445352
2550896482
8693945219
1905218082
7987474988
3002470347
1622765315
5315529644
4521203973
7547336034
3814972098
7764738788
1503955030
5281801295
1792647951
1872841182
8014827086
4221093425
2218484501
4460911903
1730092176
6195116808
7806874334
6818455270
6766187766
6074764629
5832565836
4473044243
9687346877
6480982297
2160581910
4558849570
2093657317
4589625694
3038426937
2446368462
2818769165
3711117835
8802789346
3110204750
1205411003
5566393514
4151277392
9327146585
3537621000
6389116573
8174787246
8431103925
9447875955
7278044478
7916700570
6845228556
3239765798
6834452113
5568808967
6565431772
6581594229
9893732525
6392038935
6150946314
6906388093
3913750639
3943876482
7142107892
2387522285
1832690828
6001975628
4769032557
8531832986
8166295814
9281060284
4612427764
6193001283
3026668794
6052423304
8611066452
2636080660
6484952629
4712190147
8099873882
7008740208
1389770233
5436876163
1631446984
6459773537
6896773727
1413626841
2783562467
9047569596
8421695226
9387616936
1399616649
8202111349
8697505866
8116151374
6304521813
5535225709
3271054279
4301271325
7618634342
7063277226
8914353796
2593814813
6068237564
9489258195
8482535212
6706143328
1455681028
5643682697
5718633410
4302897665
7199193083
6697624686
2117583807
6259281231
7997702555
2698810913
7886315897
3340056451
6191391156
8086609527
4230322548
5190665751
8875815904
2530357244
4402044988
6537211513
9925093983
1196238897
1501825898
1865791096
5916814388
3237654933
1357487039
5891585380
5374307543
6096313390
2313449199
7546074818
8201563532
8436778540
3419999969
9748510863
2305699247
2617347200
9533617155
2732147539
6749512079
2176192394
2398685216
2062242209
9700257581
2828315351
6834274655
4210315675
6551167620
4066608482
3309640778
2998427687
7908790694
2466345810
9019829742
7528700950
2772621721
6430464419
3942376929
1627129484
9592696175
7243128698
6155135923
6032068122
5134983604
5710286553
4063850472
9806220774
9448793544
1630983632
8055292464
4590488784
5276962397
6412115383
3236745417
6214813032
8548542619
7940263978
2888028123
3334196671
1550813970
1363795938
8292106068
2224483487
5833275514
7367588390
5337819315
3628339921
2014017965
3941355202
7891790186
5297078599
7938639056
3881369405
4260303448
6820850256
5163997249
1367927179
4480757127
2556593124
4697272169
3328847039
1359688311
2756109093
9342573665
9898479080
8817679514
1037605676
7751033083
9183388454
2736230272
8899680873
8013710137
3117591141
4212040033
7431617040
6552174075
4142051341
9599498374
8853171027
6631167975
7603192595
8342176341
3836508234
6538750993
1820107440
2535631238
8356643154
1341299484
3904475934
4361486556
9449117433
6791713427
9126293977
6429134491
3487758033
9650514378
8356881102
4206324361
7608859116
3094983563
5353915097
9527809613
1997053993
7686220497
4183279795
3797204651
5892810733
5690123351
4274803566
9402587315
2794151005
1391552345
1194879648
9126455454
7498025508
3676121296
8030666520
6751600454
8510051516
3492932790
9625454037
4448410445
6838803005
3697928732
4695626520
1297023061
2142603130
9684954878
4816318178
2256544118
9985705983
2728600176
1388697463
9522295735
7820790870
4336465372
2171087634
6636986080
7905857767
2324510612
7624296677
7590474966
3854593776
1585738134
7852453731
3579831542
7223029212
6929696220
5917224841
8784477757
9260494943
8059673319
7171282836
1915844267
9972643668
8517362671
2245606431
7519411615
2803000061
6746683833
5362984822
6862274331
5420789368
6904597766
8942008133
4432337283
1962025225
4661332232
9579357220
1249735110
2133321457
7268692839
6050337622
1904482725
1919194193
4956875814
6813592906
2499816312
5100502670
9190014308
1852982061
9481138845
7757347392
6287382384
9938191604
5799008590
6574224989
9032644033
7033184234
6516436550
1597688197
6752559405
6185829297
1236875320
7627262501
9873689325
6245925807
3538402791
9052950688
2740941567
1031317710
2321836923
7939374136
5603681680
6537127316
1701116900
5806146553
2538002953
4965415401
5615795304
6279847409
9725989456
7778821060
5864332720
4851381110
1980632109
4402416140
9705966928
7441598262
4347649962
5196249997
6706706286
3490013262
5624684422
2931829817
1948022081
3519596775
2149727180
2620992790
7006426043
5746074165
1407612277
1706938391
3752996416
1409862275
7082241926
3031294155
3303831448
4620755428
8880667775
6337589037
8957882419
8532423161
4796841201
3504067377
7889507538
5470201832
2353596975
6689799026
9478702326
5298056951
5956546700
7453513698
5434184177
7524976409
9349514388
2841536713
1114345026
4913834585
5543875842
7680704482
6156090395
3655100238
9431317072
2005224704
6205607286
6012227804
5957164473
8962448400
9940306606
5928663925
6264813087
4449488398
2788315078
6501537950
2250518717
7931120610
3476937516
7238573239
2687668859
6540971009
2810011580
7376594292
2873738189
1715883967
4541758326
5971047642
1325701591
2683137486
8737555638
1178577638
9526209117
4244972378
1817879878
6569829983
7559350941
2527142234
7183812568
1651628064
9705969856
2217865913
8006197280
6194588450
7665534007
5901303268
1541572885
2042545443
7809968227
4315756732
7960267169
1769116169
5414193148
2602920285
2496457596
6084220985
4206799627
4735607901
1315252618
7193654966
4996614151
9131073018
8166637384
6841561195
6925466888
1299600693
7260420238
2992010282
5762260406
2561705257
1047976133
4961093529
2827278896
6362224606
7144966333
4309318866
2623134179
7962100395
8707141008
9255342228
3514687991
3160645942
1312983085
7456449950
4432954358
8381111956
3311510137
7325849358
9397913283
9799218791
1915943661
8956483288
3831135668
7763731066
5487212050
5193839636
9445859504
3295977622
9147987828
1477472568
4997755345
7608961747
1460512367
9941453861
9294141321
2511750572
4290222287
8771601513
7394892274
3994221846
6596237641
9113808260
1069868445
8335481086
8045592610
4592353452
6450541496
4415478272
5785902536
6591717301
7734512415
6622788977
3052376939
3746324006
3890856840
2723828485
5974028718
8508658090
9271222367
2904833435
5666380221
6916110196
2892301731
1648455872
4910465322
3488540313
4760371039
1371249850
9230127627
8279585873
8714952801
1519698745
4649309444
9859855136
1433757389
5393444056
1453969143
7881806251
9050175534
6338871745
5114319354
2354852866
7273337060
7686191997
1390080490
8430290893
7393829809
7191838201
1417328195
3527599369
8537639402
3624463320
1286371619
9715667083
7514775132
7655350730
4476128325
2682094868
1695622823
6578805398
3601544239
1862013303
5298218226
8427130290
9815966194
9645887689
6273455888
3556063542
1888341654
2133969584
5562562286
9077635301
7452841585
8823076059
6307987979
4570226415
3225857889
2232004955
1950448379
8987284453
9874857945
6914041089
1788336797
2127429395
5865034180
7190381668
6135510153
1608754210
6034460940
1306266740
3878650137
5951266323
8658685122
4491312465
2443787902
1967924832
8066458988
5554645688
1928175674
8311353383
2364103736
3739327952
2371023711
6412357721
1227114099
6677110550
6823080866
3450483836
2318879001
3222525582
9213649460
7155020053
2874990841
9980370288
2219526231
3991385292
1977374083
9849682096
3409362041
1752550893
3784743575
5203534532
3916332294
6442510666
7239693721
7591925723
9009624618
7939048545
5971005748
4848317047
6009412011
9213636141
9643827585
9031267615
8168157294
7386945276
8490132925
7743300708
1406954254
2857314102
1237554229
7588395282
7181697241
2757439553
9691351235
6172738788
8719222749
8135643994
7683592683
1818791530
7790249481
4429465599
7196300229
5513446435
8093054331
6391393694
1413029951
1738814235
3515722000
9979941343
6594770453
2418606084
5565425601
3612225565
7134607178
3470766678
4293836398
9176654901
3837294832
2659526723
3106605408
2168050856
2966329864
7401942577
8386962662
1686125898
2571950504
5418170059
1488661627
1496204676
2474003024
8678111324
9710339137
8528321805
6085837277
7810140301
6791971603
3637228651
9827308069
6578121872
5706879422
1035244356
2578851816
6832371268
5988978846
7516373570
9178831344
6136117894
2456084325
3198963232
3700873522
2202015812
1920675357
2293853619
5488916446
3110242586
1057797967
8044520945
5557079896
1712862227
4521571169
1427320094
1721672832
8428984910
9386055778
1629701545
5585429892
4174196491
8660392593
4046104525
6918780210
7069119286
8104832233
6042234111
8820439985
6555970191
5792342905
2279036170
7815603366
2412664393
2862657810
2120315535
5293163105
3100142691
1983807016
5710918762
8123385057
5590893688
7770002455
2440680950
9834723529
3044870380
5545510501
3781989151
6363593681
7009655669
4545562008
5987221414
8375204825
7120465656
3282053182
6522726607
6150776401
1132164008
3263564140
4770971835
1959372466
8641699732
7589600570
4022788749
2918499717
8492971303
7702644049
7398527375
6918866116
8328056792
3943268862
7773090562
5070878231
6602988639
5918238043
4733045615
3341717812
7077453590
9349850859
4412969318
3232361113
4698593475
7127339296
6131572364
1493958730
3742007777
7954836859
9967754314
5047744235
3289916949
1492303835
5832060013
8010707141
2835798606
8312170038
4499288497
1931564342
2163164031
9268965125
8337303363
6532622868
6000069205
6403074077
7187910209
8649381478
9854342646
9066042950
2959136279
3785601920
8570466656
4591766358
4041456581
5174320248
4837690413
3320894663
1873314268
6873241472
8820309609
9750110221
4493340658
5125153570
9013806150
7620344008
3340155867
6611135655
4465719398
8985354572
6664149622
6915991323
8916075794
1684335108
8382852146
1265939196
1280964163
2163310936
6039413814
1268695852
6414371528
7650208312
2412929436
6933612221
2992713925
2252417868
3160762736
8961987863
4104933519
8550011305
4422636978
7223528751
3981269638
3041767271
2824300732
7183902033
1689513431
7080300101
8997162447
6411199840
9291961995
8297331091
5610424589
1782343472
9298317383
1015509586
3142590285
5929814548
1171148035
4069509515
4556437599
3356173886
5796749221
6355298217
6361809230
6395829352
3224218028
9010677724
9846687759
3117761571
8370583758
5182494794
9308798638
7410295943
7296154841
3490674195
9507946018
6813199013
8386150401
1397927810
7095501201
4567040213
7935480498
4075703028
8588269840
8712815185
1546143022
1249128090
1821107112
7711704734
9666764597
2253037933
4593735103
3261072436
8906756462
5355111237
4760211484
4076961223
2088365776
4202608056
1127536840
5407465268
9461064066
6947122054
8630480620
2305322012
1778087997
2228405643
1485778415
8659447051
8146484951
6717179227
9930774461
4822575664
9518289733
3653873149
9732563178
8226186853
2251932383
6308217457
7063945930
5933061702
6159790583
3822681810
7871569320
7648312004
9515501860
4705058998
9383782055
9972881249
8712739429
7993791253
2520119237
3818707150
9287945881
1524789766
5363570108
1743051643
3392835036
3220813966
4816167720
9162689488
5354576083
2235266690
7997973955
1898582839
1943990270
3292426981
5811430657
3047662331
8736910979
8179805914
5868313907
1512069689
1721119218
3000412303
9949880713
8700042446
7478102674
2595012796
4794591480
8332187974
4973020385
5957219558
4525871181
1200845737
5121810225
1892883691
1621459845
3149128329
9529776214
8599320525
9972581019
9895234429
7304083041
7117842631
5464027319
7061092635
6592760616
3055730973
5571785851
5546797753
3384375222
8818958540
4923482641
8619952924
9617184105
9005319079
8185645332
7817285310
4184719056
8239695880
4656375606
3577749176
4887900838
7492561600
7518673813
4438242859
4896153321
5619972232
2978402487
8328360022
5430146750
5198076154
2425120810
1085211088
6690157332
7482718378
7663470260
9222856004
4705906253
9449467598
1285872967
4482614977
7422493185
6860081436
8968793660
3304937937
7006106488
7513828806
7139832929
6149422005
8669083965
8032217819
4681221959
4175323091
6880509057
9795539879
9632116843
5277906285
9641077916
6612860376
7923763135
7953947351
7565130365
2740427354
2789732200
7192773169
1360716072
2290261596
3138191849
2949533778
7392611477
1122540372
6821359659
1288663486
9103902004
6804970877
8658407875
5604638946
2960890258
8613029275
2823012160
7083972991
7884830720
1022572005
8759143555
9419059755
7245966189
5558528616
1019232640
2428268126
7958754790
7071415928
7863816432
6137146257
2342297930
5290840160
8382430066
8323618665
3088680947
7599831724
1132132231
2457254325
2191584604
8683873210
7458797331
3784696243
7504131689
1584910946
8709458029
7813382586
9773689382
4098871085
7451402586
4104777097
2975877638
8280195533
1160468409
6844373080
8454234196
6546075640
3417312209
2525031271
7786994185
4601867276
6728055730
7819403020
4727894085
5558924850
2852414595
7945923557
5139512264
8018926355
8568703472
1444996138
5159334115
3333387467
4962128432
9649701299
1658010454
9172881898
3839798373
6682105815
1876719762
2050364016
9998404928
1003394618
5094845020
2442029982
1254297620
6326561436
2648286263
9106080674
6971262163
5533490308
2045824472
6637772772
1918806714
1327771165
7272815697
4078021143
1947510300
1766157007
2642573141
7163205846
8473769042
6443120255
2859008787
7481561712
7319611291
2393949554
8168398175
5559774716
8487517896
8135956642
7210660996
3219759012
7571367255
5234930692
3138233854
1196716513
9727735533
7445838021
8654848144
1473158581
4893222469
7463096345
4955400507
8462080155
2564610336
1038237451
2983268448
2854843107
7941947457
6517427068
1522991154
3748617376
9402429799
1192814322
7527831753
6134019581
8967659107
2551313785
9636152644
1272687873
1090383190
4810590300
1531203765
1952781096
5757459683
7245638703
5121329742
2705688002
9432464544
2477189497
6404494799
1150713261
4063736621
9179466348
1734553926
2490649582
3224960044
3625169859
5588097018
4805196286
6204746031
5744481312
1322159986
8394107760
4513721490
1396445468
3364270226
2467585030
6478319336
6415064016
7434373110
1790126895
1964204266
3361627236
9256014395
1205405501
6472521138
8979548267
4279442045
3356897131
5148126017
4127074750
3940909319
2975468183
4814130768
3419488613
8989098068
3777774341
8130812366
4833662046
3693262678
4293534476
5093674593
1137176884
8279868939
6220029843
5650307383
2226089048
7679229209
5896706454
6141688962
5785318854
9424203284
2340686328
4440084787
8657353465
6850505790
3844554411
2812538762
3047417689
1715281370
6904441924
4431020667
1555435338
3720546468
7210957403
4204954475
7058824241
1412424088
4822448993
8031967072
5282861215
3014434630
8994813287
7619427489
5779519780
1925959473
3774514528
6360932116
1541785798
8522291245
3109729145
2006116786
7780174597
4903240566
8652630212
7320744065
6203665028
2962329805
7192542474
3213413372
5950840448
9570464206
8806546660
2633295003
4073799376
2314018621
4298113084
3110427962
4471965695
8826408892
5069283642
5697639836
9135657657
4777027402
7954417020
2287852999
6821546610
8281730048
4877551038
2931762957
2710142499
7621526723
4784056338
1634340151
8536555813
1274011975
8078826966
5814376298
1334780373
3241683691
1811808849
9136674066
2954313441
4896107361
6276280346
6864526529
7413419898
2337730365
6119802537
3424271204
9015839930
6870946301
4399960949
8100190137
2125972109
1047810352
3352512225
2393857253
9105222753
3805348312
2753592254
5294282114
6832679291
2192004386
6633688260
8563725541
4294413613
6404197848
5029225484
7608334880
7299055812
8197586570
2304584880
4000726200
2663554950
3333155176
6768291263
5753200012
7878564915
5184692375
8131205758
2324119479
6716520902
9460104929
5120056634
7420540954
8175427399
6722768822
9557325690
7776469720
6668871089
7713064545
4900777968
6335625114
4385102372
7583835476
4206056236
9303764017
6375710539
5583163023
1949335351
3843472753
5822438083
6335797337
5459559842
5325811471
4277221262
7021755929
7020215327
2419948323
7502215029
7410180749
1099792048
9632131667
5380701869
2012265357
4524251854
9412874568
7809532190
7354938154
7812898309
9621258134
3286603540
5722451685
5931366654
7854697580
4269594241
8626488102
8525516688
3106687196
4517394783
8100020111
4673396955
3910183574
6416949223
1089628873
6340949901
5124163256
2594551624
2555761699
5289250197
7652718288
6121454358
5231215096
2812007552
9595914852
5912654234
1634620754
7805031101
1857809057
4564065472
2354295776
6788627386
2708460019
2708729623
4897487707
9387870925
6722760329
6214137997
4114649284
5680521980
6353723412
8564278526
6931703128
1971241978
8287015947
9700773945
6765701285
7863714178
7159638696
5572056624
5530853694
4758012027
9399652652
4651746335
9978695463
8207379318
3646223340
1354251034
2782939466
3245085488
4252642901
5124346374
8496667496
1915026229
4631592038
9998356916
8190902039
8313382168
2554122608
2296033745
2996311999
1538307112
2040731606
4571920810
5554772867
2698393283
4626310836
6107036732
3998435812
2612618768
9425246923
5108116118
2440829352
8651157989
2216207812
9808138696
1493695703
1792296027
4406059018
2436805075
2807947944
5740156182
3789137007
9403306824
7362283942
1631515700
2767393489
5995492162
1586940339
4957148197
5880507083
9905569610
4921947036
2625395393
9144877259
4613058785
7986151772
6304478261
9392657846
6929125299
3058144236
1552871329
7009263563
7818899687
3735854776
3734203272
9679410834
7961226984
6759924084
4259546610
1952514837
8456461717
5035532788
2011768586
4774336003
4574172682
5787897087
8075223768
6692868817
1298884027
8291901673
7987247664
1337235430
9025567124
1972590282
3155857198
4030154061
2989913494
3485317330
8575676637
3775867074
5621793742
5770058303
4107816512
3888899380
4103120279
5772025724
8957582831
1504513054
9093937651
2311278375
8355592382
4782514871
1056165026
4650692805
6033265010
7818022887
7622821622
9604357980
5903999164
2431513380
7726076937
6412304038
3060527355
9955492137
2654011545
5372581824
2330481319
9842436886
1510429906
3888175313
8816579602
5511638841
7298861508
9687915413
1889243179
8437021215
7232521386
6842552331
6500147345
5451956418
4955563909
5391129027
3040278624
2547468130
3051973300
5132843640
4186856900
8313971050
8238907420
1917977858
8952174828
1595667379
9549278279
7514180763
3520392017
7335831491
9755030194
3352146592
9995667241
8946621612
4712244601
5466118447
8117974254
7407194780
8727534132
5264366856
3191102666
1656062757
4923270861
8654249352
3411667289
8561252843
7706575111
3212126472
9600789875
3024712450
2489833782
6396124172
2901736040
1678879854
6656987224
8745234411
9814476831
4818681857
6047005329
7207674720
5073548313
9216321155
8711446579
8422225701
4685685936
2284534774
9382200531
5193128627
1131137238
9292595818
7717812969
8215781718
9644465552
9126750975
5860897100
1627248519
5200959005
2364769644
3270420580
1571692761
6126906062
2525559634
2013898396
4494913388
7778054146
4294116723
8273673259
7896506481
1977406922
1325332413
7993440692
5333871641
3243441124
4653682946
8345028602
3556284744
5455201853
8555031663
8680937054
2313452520
8621127798
8646175356
4966358956
5471943513
6594923117
8553540002
7777622428
2494956953
8155293765
6609984472
7542430463
5527856862
1620544834
6094842044
2071099584
5231283540
6830395684
6628005351
8643133478
9636685486
9024448084
1212130109
2387718352
4395520707
1463371512
6197280697
7980347780
1702285200
3574024388
9302545392
8186557597
3848674137
4932208006
8827134752
7613266556
4745178451
2296894420
2157927657
6070302377
9614804794
1955739394
9410406940
8711422467
3026520381
7466436401
1218835629
4268428852
9326137020
3500300959
1147265832
2558999180
9901944087
1424753788
8881592942
3160348833
2240246233
2681499981
9442662212
9249204367
7456672507
1429600727
3269744706
1929218603
2571159433
5045766401
2178365637
5652094482
1688608228
5171179611
5879140598
5532398422
2356052460
7224440688
6238015404
6825043751
1157305582
9952106846
2551659092
6613868330
9918981062
9797702723
4366479640
2274337399
8312356481
4855676152
9075293336
3879921991
4538383127
8462639909
4759004418
5859753368
8276353918
7350442501
9237276475
4613134582
7023616770
4091299903
2509891479
5113950868
2703737381
3644170253
3352236244
9511276683
8668937863
1889206466
6285389548
9493078718
1221056039
8802092562
9316908930
8905674489
1561018036
8121943889
1605222989
3487065605
8672410748
4235381841
4747795146
4969886114
3607067324
5379345659
4100775484
1009963726
5722436019
2219116735
5279836743
6939807007
6481896919
1244624924
6517748957
9505564720
6252429981
7523853718
7770805143
6710427052
9971030070
5037344193
1190918423
5322962601
4083050610
1482372805
6894333927
7790425140
6807611741
9374299845
5846999433
6808856969
5846607860
6236610090
8801266851
2770079831
6800995657
2357715960
8312289860
2085264210
7398741717
5843010316
4020054801
2933346876
4837333151
4339467282
6304335977
9320538221
7541845579
3643464927
6358436734
1085747388
9633777977
6114923845
4119239829
7746560362
6184717109
6793427994
2838467735
6310805139
3548491506
3056615423
4456979932
8988035692
2563882359
3160757236
6558506570
2417777276
4215989722
2485023890
5757787528
4274807037
4528203372
8166433869
5524558877
5459838225
8356840538
6303526590
3119163253
7762654122
1475001529
9337293364
7953715583
3687793860
2670441531
2051461890
2624835770
6754879729
4695470190
6693746933
4911228436
5816297767
3159003443
8664285510
4446215797
9366381247
9373983426
9119150390
9144111044
2066103457
3818425385
3599837985
9261042096
6030424576
8865279669
3214405707
3531376977
1184179881
9721513585
6358771496
3379424739
5897153883
2918423707
3104841773
9172991437
9382006958
2013605606
9554268741
4507031594
4259224594
8547337278
1996651140
4040604371
3256657689
4532322854
5090664693
1109478279
6490574365
8414318885
1939228361
9918060801
4094061993
2359630494
4693151370
1792882511
2701372592
1809438494
5536406332
5464864014
8458673726
9650546760
8600127188
1690220597
5610806438
7554213910
2361434210
4518188389
5580810993
4909777508
1520578335
1044165783
7946972634
6218490950
5408306375
1685636109
8476742979
8508234434
4331030980
9260335988
6910149651
5145416178
2584874189
7993192558
5136529818
4180121208
6340063490
5291146426
8794025156
8248337942
5626476314
4995094912
8565169091
5511597911
5503516410
9026710832
8685069266
3471600565
1347241166
2673046415
9393069007
1768284181
1636577705
9534911074
9456040094
3474827385
5636455112
3086430830
6627795111
5464159077
4685948428
2248811973
5968810479
4600893190
9177036551
9569014014
1044901948
6821827512
5522464822
4361000514
9942929676
5341824717
9235294979
7264763443
4908248404
4495388692
6070483745
6902911595
1861245767
3643937360
5181323444
2937341554
9612545515
2114440465
7686080962
5107634911
2978860250
7415798843
8249881272
5987499713
6224776935
5727670648
3745555072
1114262799
4370516268
7914371833
3877106196
4095874276
8904813156
1389759836
7575002368
3795496760
8654914234
1554943606
2689330929
2540807706
3936745508
1187741896
7475775727
8456373147
9891796721
6076971898
1579174243
2846108870
5180508053
6962955890
4304080117
6307876731
1389341747
6604585494
6536405151
4819018845
5634939087
2092676226
9312404663
5167379709
2970900429
2285774954
3418291780
6237517323
5503730052
1186634620
5122563329
2578357439
7627279805
3152354113
7328562123
3037982535
7839268067
8227564239
5242614267
2635907737
6787779511
1852755211
6797882727
2535442266
5060900809
8254823187
2773508828
8166262239
1230591701
6845219474
9387464198
5371300920
5879826234
8111332268
3649415615
9059775862
2803559054
6277900229
9618477613
8607192729
7634725010
3459798004
6518281243
9415656512
8321863264
5710322393
7951225158
8190530034
9314434268
2883635881
9513147135
6837051797
8455537911
8240445869
2187090473
5331536903
8058172623
2980640689
3755676449
9069856859
3561946442
7480237249
3253770716
2218342347
8742655126
7188327175
5847269715
9092352485
5242113306
1436323358
9449451109
2783331643
5833556519
3952666821
4912262984
4197735256
5099003201
3415297866
9156038523
5729208353
3053274791
4090248199
1207932070
2184379886
9142450473
6637101827
7830196603
3898836329
7719387294
6806513457
7581306161
7920024499
2104125432
1015908521
6834647688
2310636293
5869021824
2705062037
2260108958
6292524938
9190820444
3844931505
5232064933
9595742952
2397321565
1058632183
4545078513
9523252107
5384043317
7264596609
3406153450
5695051804
8860611982
6947578370
6736417081
6460213604
4160105512
5038198698
7407202390
2137748177
4277359254
7475421372
9352148395
9844793201
5325672990
4555192633
7180536317
9805597091
6542941483
1768926356
5183091130
7473302489
8066649675
4235014082
3783067364
6751698813
6254983732
7082574835
6002381404
8818778137
9555287609
4314556054
2840755735
6298523821
2995895065
8781466678
8362891417
7406704962
3395350902
6475349459
7400294030
1855297335
8121739313
4904692064
7169822025
3572142976
4378152010
3678956358
4504453788
6945918090
8182812439
5121091045
7800064530
3050203341
1864157453
3425033057
4003731650
8199424738
5311995738
5808321918
9665597831
5878274817
3105710698
8987027157
3225420517
2455738433
6423832335
6394054426
6945471463
5239417289
8090540670
2830186640
6027782231
2190416784
5749961829
8604172961
6797193742
1000166961
8168881325
2078923871
6677526648
4324450210
9656278698
8305871780
5905860512
3744689767
6970730364
7152166368
9652516472
1679654416
7035851634
5645848088
9660305296
2469483368
3731298907
6024290707
3508752865
9439689665
9103887017
7544303722
1746480486
8934882786
3234686976
6112268916
3241743373
2292896520
1920419298
7556893284
2049371270
1730284243
9764187630
4554566913
3097732926
1286976260
9016808506
3611636733
5761934501
9897401879
8724254024
9822552467
7749408461
2758513507
5127682405
7844159990
7100678107
9974567346
3421712134
5871899035
6246075935
7332985189
1257768423
2338447585
3658931871
4855560948
5265141074
1136928924
2398335251
5191120617
1138192159
6095245841
1063193313
8174227167
2893380168
7061130685
2300140701
4462931224
5708344702
4415669498
9963046782
1560537475
1780583535
6854880691
5525275055
7505365449
8507613913
4288181593
9771013181
8411507130
6445245732
6335577614
2314894828
1823609466
2142306177
4828080076
2393042664
9545461776
8246515681
5037643392
1793624062
4285817803
6298511964
5544169328
9693849648
7610863507
7176920297
3003650734
5994773778
9111998477
8018317781
8381066304
8548510832
6465418632
8488330938
6915599986
4772684573
7201789607
5592554344
3579267064
6167626193
2662330420
3170838408
4031466280
1049165715
8947486538
9267207591
4073024431
4291411462
2774495960
6690413415
9646282293
3195220980
5656099257
6966432363
8981808136
5975024110
4151189026
7012672756
9113373862
4411465020
3621538282
9143608811
8081397353
5699436666
8205467625
4831107846
1165344005
9797734121
9369744437
5566209244
8359612141
7053168768
1107070788
9561146567
8029446237
2559713659
7081885645
4571137494
7697222743
3530338229
8399126336
9352320382
3236591975
8099918584
4294731920
4351357876
1770947015
6424113833
6257899722
3591051316
5488060471
1864973953
9735002450
2022169978
9914272245
1825868847
8032954826
7135840855
9359645188
5006015093
9539797312
6376321575
8235647273
5766988613
8397858975
2285141957
1832660618
3669421422
4660186491
1168297665
4187064117
7312392604
4192378849
9081765029
3439455481
5732915185
5883229627
9576042884
6186637623
5195553604
2984102062
6713649663
2366604257
8570851401
3485944109
3979431480
8117643273
7352819906
5475651853
4615280867
4184228209
4132707208
7072976351
4870317271
7916910385
6887330851
3293073382
3093681576
3297214320
3598115155
8754663470
9870282194
3976656302
5518522361
2940342182
8638301252
8237626512
8968087178
5930284016
4003041947
4571967354
2859912730
6952697713
8286565856
9621820146
5389161850
3368851957
8572772335
1545213255
9566896816
2665482014
2564661608
4405639628
7737664803
6572911942
4809047250
4048707316
2383046241
7469019792
6870241422
3538708668
5382318438
4381057861
5635779301
1089073053
3014417523
5238226855
2473284880
1692760288
3411790444
7017152068
9131349040
8379617740
4721861063
4772376548
8812374643
9858650010
3516008820
9328706723
8130369937
1680973896
4803068651
4337148144
5058183937
9584942893
5818470187
9222284911
2267265610
5405945479
6409511619
8355069116
2448588029
6024763724
8175301704
2768235388
9943186155
2585475672
5068946260
7955832929
5130102429
6992355176
3537560216
3224047238
6041884349
8324315043
4671855859
5381522484
8986845042
2879664230
3859222648
3955391028
5047631668
8493172068
4502119167
8584995917
3242328001
4494068853
7329333896
5231883493
8154610887
5980845908
2455640978
1537507705
2664471414
9808133164
9810039492
2776066122
5114676665
2055916784
6060875337
2937369123
3319170294
9587107743
1897386936
5699978034
3794947266
5025997590
8454801412
9851611937
6110323200
7337091241
9471964294
7923540124
1489633413
2986944569
8647065480
6892895523
6855249337
5376161244
5371663680
5217694893
8362859751
9792019374
3862650991
3461832713
9322111747
3642498274
3906491466
3954517031
1664339730
3943393883
3275215256
6974965015
7805573374
3375045513
5731613321
5821000984
2073402422
4775690973
1326556958
2696259658
6616327388
9814265860
8721762826
7784993704
5478264416
6351223805
2886921237
6934750857
8501123594
9237357445
1230819259
1333729477
5509972799
5042601355
5964704426
2176266192
4143156847
3488079238
4292041764
2333445575
9219795780
6743271918
4059235721
7763624126
9336768361
3005576404
2411991506
8966414563
1021566018
9484249626
9745950815
1153334314
7381659371
6074968095
9696007959
9790118008
6955818413
2052861040
5697881725
1274421959
2806437600
7611554569
4060789706
5701255858
1774545927
2849264884
6920000302
5207560901
3274481978
4531478123
9260427677
5293364611
2153156703
3916027854
8501040153
6198129227
8055393534
1863771842
6777812519
8307174627
7925744537
2426391177
9234128955
6571322356
8142393441
9169940250
4939937987
3631249939
8651701125
6819099660
8479228708
2896537030
2454682424
9129847938
1180396061
9975620713
1825852292
8690122907
8435295623
5484146918
5657720545
6732025667
9609433637
5353413264
4680873468
8456990361
6813612329
5216030555
6458348357
8059332203
1021160454
5385185346
8474970304
5945969885
3801725358
4279665726
8179060101
4446261342
7547358377
9353092297
3950314543
1849059536
9668896524
9239641422
9869047461
1224783581
2066944997
1172461273
9303045667
6368321958
6797880775
5000501318
8951513790
7134692250
3663137661
5956946630
9095145919
9584407022
4792558577
1963375282
8963502503
1617334201
3875629578
7051711803
5777332770
6267296226
8924660620
4216862939
5622902225
3561595146
6139920994
1758391205
2974093850
7985226255
2739129807
1623725959
2865440530
2817125216
3684646918
5476931332
4136276178
5442837453
7807212162
9154285778
4254774434
7483588799
4860267349
1908780987
4663197839
2087908364
5095004088
2377576846
5411087758
7901048362
8165330527
9013003342
6750453837
6380382885
1969341958
7681720623
2218371638
9172380470
3465058152
5092892176
9575975651
5188265878
6886863080
4613349005
2157348035
7271627382
9831697680
1846569576
8208061088
7126526153
5889708763
6567918321
1712729706
1065462175
2590962855
1743343529
1524050862
1346675317
9149238097
4645571229
3258669256
2717181291
9682094845
2095627939
6882141840
4166576207
9907596706
1922022129
1139602025
2049439066
3352008632
5904590988
4644880283
9804774579
9960736978
3666843113
8523344639
7576154128
1530733790
7533732540
2351807641
1443759839
9817227394
2730493447
8702882663
3196759400
2250559046
4597295067
7609248844
4950795029
7793882193
1847077118
5362461096
5836096949
2676843929
7277668734
3046304085
2906220343
2150638025
1124962875
7492641572
7809430751
7769339832
6861611820
6126332634
7968632873
6529359236
4186645823
7329171667
2238959870
7077108975
8711786530
2277552779
5446365165
4899980675
3050453925
6801942324
7382121231
5700451010
9361258543
4660039962
6369899971
9074922424
3973948086
9780496618
6551915063
3659465264
5485916589
8788633412
3619413774
3323391286
4772455966
3207015561
8951907985
8581522429
3187506257
7079017872
7356401097
1184473559
9179573724
7881264197
7558647025
5982643581
6605642591
6908073463
2135542834
6933828291
7978246560
6656857904
9811609204
2479336333
3775835650
6073207739
2799771100
2179706813
9423063394
3719829302
7456234545
9448639241
1932000019
8925280930
6428214811
6348178830
9375080718
2622151659
7544667261
4031192495
7706318532
1548945917
8144474237
7336041519
3513595547
4462901756
6067980834
1960851662
2917514916
2190324599
3003168059
7757071114
6354370683
2366294987
4674032410
4206357201
9335413736
7681420428
5894656140
5921975097
3234395275
8542303473
1735454690
3160742730
3308456040
1019793896
2603493223
9953170881
2826000061
3800574327
3914126648
7038973359
2197381370
4174216548
9086569513
1427683065
9044997334
3145072949
1795671506
6383994748
4828076413
9087072745
9295835835
9716370667
7034920986
9609058757
5285316223
7191745390
8572196858
9421281328
8433143355
1783293045
1112142309
4601417898
2333690652
9562666530
6624168050
2462938024
4662653057
5185121717
7149905913
1582035090
7425435390
6172922616
2498360756
9833110387
5669882238
2981032466
3166264708
9699927466
8760055693
9084400272
8384649103
7412125442
3624474266
1902060563
3242881257
5333837408
2590427879
9485776598
9217207687
6607559966
8315394802
8377667878
3679656803
1113505549
5524274019
1466018516
4198764118
9045664800
9733904547
4266259922
5948556215
6616877693
5914129952
3575016112
6758127788
6669127801
3334503724
2421185443
1095261124
9331012698
6124149722
1057597324
8034166516
2030168750
1779908909
3724392775
4631164147
9578568247
6279009653
3211692286
4201425901
8689656335
9345919417
2205384059
8395735139
2418513064
7363984048
2816017379
2435124776
7932319744
1469956037
8290042318
7995460127
1697613650
3551335685
9701610009
9027344492
4186920840
8227519481
3929330687
9307544929
2007964177
6053759341
5355860159
2505389636
5352908554
6077168540
1834801772
4119749842
1654511230
2106411156
9033322116
8229340790
7754842550
2523197538
2285480285
7979019304
8607787709
6810680663
5884195434
9257883016
8713982871
2369326448
3043617723
5255717073
5165407897
4175241799
3843510459
9897102037
3995455631
9660096810
3026533143
3312556516
2783610875
8870980491
6852309718
8572058054
4559300338
1013903973
3665850882
9537050936
3179666572
9788222635
5034425464
8844756734
6290873577
9263189134
4388795721
4501995547
3998462438
4877656532
6168567104
5279778267
8270023328
6347776352
6635241948
8749277463
1581709309
3561541192
1438436772
2873001231
5504318783
9891999068
9348843704
4269444607
8635839547
2981655683
6193538999
2469015797
8917806346
7376647799
7669127895
4698164437
9843839057
3634797077
3187700411
3647355341
2779258052
2007890321
8866567960
8316289154
2283289015
5938330392
3772994115
1235419244
5516057043
2989681861
1287545793
7177850843
6620461281
2606879529
5716617994
8108186742
6043893171
8619015609
2220804003
1491210291
7533332383
4288046034
8448076893
7226320122
8483849800
7521256072
9777002615
8941910790
3432132125
1857809830
9048910217
4385728174
7707943678
7125445773
5791793611
6591779970
4894395112
5173460090
4301192136
7315102598
4927337367
6965400134
2680418693
4960684908
6729076180
3715368480
8435250373
4969958308
6576440929
9380112030
1441965144
9195503856
7342994783
3221179069
5954516561
7357782981
5772569749
3603228540
6194072945
9026508904
6496084802
6152352518
4530613120
1255532921
9553189927
7931402553
2056045974
9552958607
2347209594
2340638478
2317894555
3917189443
4076512956
4390639781
6180735670
6988388111
1511574161
4357199781
4119369182
8992294516
7721895220
9947259312
2741199294
2188644677
9176741547
5806641768
1076806237
4862036813
1799474644
8401740492
7395843673
4572257045
9582634413
2941073504
6213886065
2999866172
4478193402
4875125225
4395068226
1346723550
9692425550
7426921631
9148041762
6890506608
9516433748
3759070243
9567362331
7178966741
7994061141
1077629955
2208162965
7483010919
1741081106
6261933973
1868100643
5549925660
6633579486
3063493489
7291794007
3334556938
5884553599
7390665098
2213317110
4375643134
6411824902
3316816901
4249600184
8915365970
5281779951
2274312202
8073026443
1266631112
1965595452
1138475451
8608305217
1134489638
2949384051
2004701783
1774200968
1482328672
6337244641
9596604722
8302003944
3768277545
1066964993
9321772669
2153556142
4852788819
7665127806
4753143454
1480785909
6614038297
8614241082
8757444897
5444287118
4890010182
9483602576
1297168797
3902098322
6103500583
2719692231
6087170821
3051710650
7734599194
7859683504
8415749308
8367581042
6593414850
3257802264
3613692655
6728888611
6305810319
3772973184
7139529920
2268757712
1863713246
9576161624
5236473970
5406188867
5661042714
7291077787
9306943834
3382838285
8028665589
9241432263
7912741989
3486079660
9882405992
3694393963
7456832559
4027729381
5093205287
1911928558
9174645940
8422714928
2435093742
2787833807
8588852268
2922689842
9377583356
3720368208
7654224782
8022230786
5120777145
3470195253
7294359575
2746992190
5392019994
1014323328
6217004794
7765794970
4364495268
8744831693
6560847307
8935905490
2853756937
2276405010
7140329394
8249418735
1662867097
9824413284
3474924669
1599428636
9649772680
5597145966
3268283480
5796708471
3985701678
5179780138
2901635981
3143395916
8100307082
3530354964
6211385338
8679190630
4716377810
2247633486
5765150217
3196695318
7612062203
5819647184
5295233961
4913376187
8672577454
3002173969
5925215324
4144868406
8202403450
3379404176
5055169740
3160381556
4599981762
1690711944
3685133986
8607038788
8931492254
3280089508
4035882003
2451147872
7087541042
4072366305
3394453719
2371074639
1019053809
3358717055
6100915608
5681538949
5776571793
5518348022
4294314749
4231152273
7052926807
2653256987
9010452174
2057359784
3356484256
5041870898
8036323352
8694409341
2564809238
6311749486
1569665354
7742604032
4165222664
7052951634
1059688017
6456851454
8256304758
1446543594
4594840762
6990134410
4492273334
1670603160
2231283113
3430061591
8928013500
7450761915
7182752054
7803684083
5536366612
5528768523
6848613184
5225060615
3407605148
3178135901
8372146963
7552701259
9896006094
6936507479
2307291254
1021730887
7940714306
4749290463
2397138314
3507269644
6318605127
7614375811
5656699536
5217708206
6331513363
6493307136
8069190474
8918627598
3073313884
6911903256
3673198981
9298723911
7821008486
5594531228
9356957031
8548394030
8448135647
7339744482
8497473763
6441432192
5490087252
6804479614
4932054610
7233702981
3714134560
3024149403
2562290254
6985274462
7761566028
9011271354
2794005701
8317361294
8819632259
7703252893
1974341910
4915678398
3879163918
6056989499
6706007476
5887900153
8286115194
8050873643
9844154681
9913910463
6588469992
4062485700
1676923792
8329546200
8095670655
8939858677
1907732490
6362912496
6831090170
2948237188
1198408472
7642658470
3733801910
1407784934
3210988191
4259363923
6561428786
1396423186
2408901026
8742610015
8898144013
7116712416
2132736752
6916868923
7499817512
2080624512
9748335248
6538931081
7368098818
7533172673
5642119266
5285633798
2169254146
1926244229
9025367371
6852531361
7688423447
1905784762
8442456720
1178834708
6005075428
5269690034
2860872760
1741028020
8359982409
2256236474
6043471652
1031624853
6969129468
9732104496
9355040079
9038695648
9848346317
1557309424
2759597285
4001496395
2046228018
6874046145
2369625348
3561582807
8251479856
5335927368
3307108942
1959009681
1609713238
2217849888
7073178202
4794808738
3107404208
6672065329
6576422858
2173524917
1302562305
3616283718
4454037116
3518077729
8899107355
4645532718
6362914891
1197486748
8575217940
2847174507
4189112433
3117109299
1795462054
1782853595
1585689111
2622840949
4690637339
2450064149
1772428190
4302972570
1012510073
3703919531
2520947553
2220430052
7256056775
2453982437
9355530031
4004681409
1302512066
8614380237
3174958384
9852003508
5332161371
8373503007
9291682001
7513889932
2005242382
1116638796
2931662818
3162940839
7103351339
6796990062
8945158607
4741657477
1123353467
3558267904
4444915441
8462730465
2710180938
5185209158
5677446131
6005767693
7746225182
8339801700
7996276636
1769843953
9044258705
7465002746
7467558026
4316644654
7635220074
4552827347
4747155808
7895309775
4155463668
6904116449
2953941340
1072248596
2661575110
1794240161
8612276455
6561713925
9065914073
7192421228
6481288361
8547676231
4465529148
1614284244
4631246084
1425343670
1245820724
3575499463
4503959212
7003035196
8473181493
6512438208
7128348465
8125590129
3089730834
8480305114
6234419108
5735714973
4295782841
6514456694
4135342034
4629934837
9649838644
5942731408
4168450557
5848144345
8319216827
2859313468
9460154708
6216635063
7974651231
4169924851
6821890954
3339014256
6473456392
6088713586
9934979151
7307174003
7151330829
1288181884
3089325867
2711474027
4656046301
1156990085
9755873208
3779338613
2955793971
5148015101
8201460804
5963416372
7203504630
6201764299
8709360087
3539942848
8213574486
6423801988
8385415310
1502903552
5115409681
5284310272
8017495010
4935870691
1280888136
2009362000
3264790881
6772921291
8327840658
3082381132
4690231338
1328169506
9108358247
7408152807
4825139740
2140913325
3830690338
4102898933
5568607039
5077845382
2033577423
7205030779
3761119077
3005659261
2340225012
1097677551
4590997147
6877220943
8859117529
4008794766
8328541698
1954575616
5885970268
1571678671
5431722233
7047955539
8763235912
9596087929
5372972648
5560416463
9087429371
9468885985
2258475585
3705260734
7546716593
1133267346
7918885911
5127807691
6969058941
9478419876
1874804487
8899034874
1955244924
1859660995
3495376358
2243666328
7503607488
4136094374
5260087199
8115741572
3800692353
8376186958
9990049569
1518970191
8577880505
3430830758
7433780788
1531760235
7440352107
4569528430
1505183291
2105034173
4484721647
4763525598
8685207946
3030665279
3015234230
5306787363
7503219024
7829159579
9675122527
2646671164
1160503190
9939961446
4959587003
1064451769
9728618434
1308122884
6170931574
9784247755
3812326598
7133266107
8837759056
7648658543
8594988239
3293586125
5742576296
7033069899
3991370865
3639128425
4546245759
9060953472
1669866246
1540464142
2024017903
5241693629
8211360105
3418153756
6731679308
7763103474
2773789001
5780053264
4161419170
1900031804
4926050376
7391006214
6720007088
7315501021
9432450918
9618898440
4032439284
1583815474
3900797773
3976710918
5844485100
3723651670
2295618925
9454521356
2774983862
3247822880
7558612710
6171021018
2965421738
6381567887
1953430404
8424887076
6662317011
2390888110
5134463357
7111520822
2343401932
1058860741
7908654006
9110266233
9780319749
2450146895
9851783108
1966204507
1354026304
1724763919
1617704998
3467778464
4613104570
7552925363
8270695519
7968299975
8008442795
6448348544
6905319707
2901952292
3623255918
1898039327
2001834303
2830225215
9399427382
7320061648
3630504922
4028609084
2610126124
2518809724
8301790342
5128877717
7795511290
4573486001
8246813227
6097838557
6518649122
2791039378
4097593041
5256675709
4820721297
7350220965
4954784372
3931216822
2335883272
9377756435
7094118325
6657117603
2042964281
3796116188
3180102532
3672488349
9752564936
6354833790
4737050277
4597705062
7437933120
9730300861
1005713087
2360082985
4523014382
1597104997
8956213413
2995048909
1748826323
1020707021
8401054631
3551879225
1833686512
7196608088
4842713884
9817593668
6800855460
1622520464
5784708346
5722607315
5475251075
6989324912
4036008648
2339618022
5785220171
6636164094
4513034230
3260277755
7233609344
9725564808
5012811807
8811316038
7748445256
2172156359
9417912403
7444782765
8842490458
3447662223
8765205988
1739714229
8488376074
1149330517
2600228728
7315933892
7567661708
2316692900
4476514984
5899313123
4413843275
3524346638
3837904232
4362389565
6208447887
1225305780
5619401718
1013925287
5565427147
6954804853
1959038466
4483875715
7287120419
2318852327
8280319420
1209347529
9429687677
2579680849
9404112741
8397787728
1562167180
6919601611
2811723522
4360963523
2319869692
9842966833
7342079458
2751701669
3832914993
1089668569
2309542258
1823054672
3375720413
9641289203
8756758142
1970024714
7972201233
9572084258
3194454551
9976445930
8084675867
2481911724
7459345032
4654730480
4522429953
9141236794
6983588110
2311183298
5405146828
5838266483
5170131018
8285686653
6894364262
4906214088
1868772412
7738259141
6112440245
1536750751
3330698023
2889459850
1480982770
3096054597
3493804618
9767848577
7712844587
4490621768
4770361965
9771424801
7634871473
8816692452
8473435284
5605155199
6857223524
4920574921
8177104022
3769262619
8099027974
9778968695
4560700626
7082219813
2349734664
2558683355
5615322065
8695273186
3327413618
4133067209
5747656290
2837480554
8213628797
8793208754
5169043305
7459501206
9749782040
7126047972
6997780202
7336400461
3436083144
1889800720
9078386923
2409320171
9375094367
8863525313
6630302885
2804360356
5478877187
4598542588
3899259164
8635444739
6216454817
2925978238
3333601706
4106870077
9219128724
7683877671
8372799047
8421589937
5359299405
5932522105
5069638348
4278102364
2533359433
5556013280
1815809797
6294878537
7236887036
5188126622
7503392379
3253782882
1537922911
7615440895
6096293670
4406966749
4692319178
7052907611
7263881505
8495426266
4517436854
1586616984
6920505218
5015795130
7369900502
6493101006
4792565028
7713712879
8934367179
5831792637
2219893599
1188093096
1197199435
8956707756
7926979421
3985472225
1568808464
5201714409
8444666611
4510122067
5023162792
8249099558
7999467886
8116785199
2424460142
5623123576
1203125756
7621823474
4819140442
9723282932
5412052705
4217675121
2524066104
5517006106
9731885775
8580557458
1387040685
5615303086
5446467675
5778604693
7077281258
6471532073
3825620303
5559608145
5358142028
8476846302
8792507863
9914250220
4315373917
8524391575
3100176291
2796847722
5500128887
1354436792
9055949472
1095060039
9956089342
3489437756
8075181677
2983736907
6928337761
5927294485
5830704538
2870677288
7977121421
1042160925
5480182084
9794860118
3942231876
3265003835
1144690254
6020211776
3223756495
3003697880
9625984522
9974823902
3007603396
4975095054
2992772222
7885868355
4042726403
1260251686
6532694473
3671937458
4849918044
5217216483
1921761508
2871308424
8637176912
3636094059
5240695907
8032189677
6540534287
6785254785
1346487749
3160900702
8256238657
5340641191
6524265155
7760151610
4144154707
1526839313
6020851669
7939646167
6391485747
5012364227
6395469831
1640879250
5183684847
2154768659
1872915684
8903360641
8051708228
9016693676
9694064251
7372718403
2439854339
3634791276
3261954002
8934355603
9841325521
7460673518
4352917927
3713075745
2809829007
3606497385
8243314312
8724147022
9513099978
8782922977
8519182512
2199843046
5132677204
8566402675
8141820599
5008766897
6641087130
2252355839
1741232041
2789816456
1510984236
3935850357
3966408796
7403273235
2801524954
5823930924
5944479065
4252684214
4575049150
9341727144
1290310934
4240194460
9070922853
2366153635
9223583836
3955607332
9541729347
7494719399
4397051426
7321568963
9870998719
6292234726
2170553297
8111742103
2855383273
9162852863
6325455244
5517620280
9180999505
3129348152
4830506751
2963330457
9442467146
2350952385
2165146601
5783535618
1295382033
6991252677
1733893413
5476857452
5823864253
2580701337
6230176295
9964957168
6411747890
7423375936
5491108835
1147854251
4602807457
2510995124
6142189417
1620746550
5963185977
4914692011
9997300126
7609923119
4451161286
7928016704
8661152094
5669136253
1009937583
5241150089
5474958510
6334454275
7242860020
9672080165
4621194544
8728879116
5482582042
3502251068
3518782577
8541448843
5800070577
8334620467
4391008275
1477525065
2939951702
8778449232
5623709571
1054258549
2720904237
9924450151
3709790865
3585922621
9432808179
3375601284
4118598127
6296841040
7601269977
3754095953
2077777814
2612082794
3161903809
3910870239
7951831888
5154889795
8041446441
3733782532
1610190007
