7728556699
8950621148
3937846574
1664765753
2404924900
5972925111
9628587270
1270545744
5196245678
8597326682
3321478213
2815471644
9100873275
9000542636
4597382751
1232529976
8561144346
2808139423
1577590762
5249704074
3694477884
6637363109
3297170768
6807290074
5708025842
2444330723
1523478699
1814892935
3493210094
7016200658
4115586800
4960487629
1822660819
9865135742
7359067994
4636121066
1666564705
8263459081
3839403265
9524025417
1896281950
9083382847
8197397414
9022428331
3747083726
2696176030
5089939801
8945481679
3270472057
7136396401
6665822407
3259420168
3746143496
7667018764
6578466116
1167786401
9021264480
6668103830
9634738055
1110978568
3826406852
3216981187
2530466653
2943603788
3495986081
7175494156
3512621246
5472774642
5434552131
7899836138
3218478577
8125805508
5712502273
6897508777
2677273324
3896957980
6532011128
7655019532
7382183316
3196463932
3692841763
1235058495
2144249885
2923513801
3128075893
5539933627
5419795500
2638076286
5930802370
7956259446
5745975461
4335167146
7642426056
2957042593
6114000005
5680737144
7142126697
7125919380
6095617146
4701295390
9487582119
6901529893
5111913811
8025511897
5380935095
3485099706
6112317634
9800275405
6629303072
1391767483
9468812482
6173353367
5576722496
7052512462
6750680976
7426605661
2605957874
4220259835
7839600653
5495514216
1376895182
5602713168
1204356269
6948830185
4107900321
9006772750
6656546139
5607084357
8170609305
3247725716
5800875249
4121142315
7677217425
1129713118
3878814898
7535586207
5266370320
9497605163
7508958508
1756889538
7531512741
1236435278
9891370695
3416898287
6876997070
5051187611
6609356303
6127255454
9618340985
2895882670
8850585255
6930110741
4926004904
4401861608
7918015409
4851215691
4293136860
3480880867
6568251040
2762093989
3111561894
3337691330
5274612619
1152301231
1649184388
4266024634
1881299938
2315591672
3283664562
2148291019
3777338647
4683310724
9011047784
6567784483
8941853927
8818534146
1988660991
6311040043
5632108336
4717610015
6942329180
8120091118
6675634562
5301861207
4072453892
3319952014
5309074013
5606698624
2929605417
7410370551
4333115881
1047240266
6163473529
1062901438
6368938318
3059748484
3455571384
5430955458
3108701722
9003866847
9224484801
1465656045
1571574498
2478485699
2167581439
5524565050
4852539899
7225718274
4936798088
1382285775
3831631773
4867697322
1373101293
1621029548
3482353755
8346105780
5331733520
9024639737
3473679106
4370035858
8812575176
3445015829
8004241615
7298946581
2400206998
5103172689
2551698313
7367658271
4434899348
6149584894
9890823257
1108913760
9255087067
4072792471
3385235485
3126897267
7809640075
4204393682
9651867894
1093566803
4550703868
8816163448
4768147974
2424632626
7967130840
6571254263
9861398426
3833405926
6832377735
8083688102
3328163887
4825639783
5699773323
9644078222
1666841821
2728921586
8675373739
3818290798
2770081441
5554347790
4590476545
9933677413
6675643331
7783386883
9976389399
4117206921
2559960271
5825074814
6251038358
6393557342
3562877094
6107829968
2476276013
5164956037
9736946526
1853249755
7245386476
9264431685
1463567432
2857676532
7664457846
3371153048
7379685393
9718615383
7376768663
8210178625
2947656938
6483218546
1734600852
5333290741
9622727636
3735252246
4848113695
2203981670
4317870603
9083411024
1067025970
6844763425
6900721287
4072782321
2703536258
1779903605
8211662925
7453250368
1110436532
1509670965
1712382322
6952435671
3855948812
3052313885
6498955524
1882391656
7214889194
9192159771
5742626832
5349155025
9501837149
7697306094
3359464445
2389299449
2779288107
5816303621
5349130724
9817348638
1577209700
3737397548
7411248160
6687381353
2380513172
2091428680
8046085832
2319571365
3228174227
9401901845
2282703679
8165253390
6176794478
3479220569
1809590693
9815359670
3657864165
6039999809
8944009851
3964456689
2749839075
6677125561
4322942958
1572162239
7650567432
2929640232
1585228378
5710939911
8449723931
6128342904
8901607740
8095757647
5891974618
8365775257
5134705874
6086096274
8279296582
9119740534
1018397862
9001845275
1791294065
2195575925
2489156169
6350071118
4505017087
2498722891
8244840447
4706119094
9470137197
9448872513
6134533488
1337515202
8586721338
1380877427
8658695300
3243681089
1981128473
9267144376
3569144733
2875318924
7879477893
5928398270
6799497387
7636883045
4334003019
6841186802
2620810772
3383637038
3252656956
3651375660
9723383238
4819014073
7560005936
1948253878
9005939536
6121063099
7756224331
4199522086
6744983472
3522592808
9562821962
1602055355
6797824617
7237528014
7045463709
5308882971
5778499851
7388944232
9857611387
3159201493
2730538946
8014615481
4938414309
9511954708
5574536377
4416794708
8473410330
7607801826
8300933859
5794576251
8733667908
4235080913
3540518319
3469184083
7626124449
1097160753
8700881290
8199901139
1334536741
1276017528
4533189418
1131788873
7029442695
2529710861
5396998645
5218130399
9022123907
9883894539
8754497691
4088473163
5468154816
6161192196
8364522427
6425182986
8359773534
8293435454
2369473782
3337545967
9774203728
1699875489
4720009914
1375741327
7325500734
6271241157
1130573848
9308286160
8686952826
4397475238
9351338173
5653830794
7344111919
6350889528
6604899211
6557084526
1112317995
9063179876
8523953231
7090905723
1834117774
8728468745
1866401990
7927473153
5269621191
9283383906
7058927443
6802932241
2206975221
2379924886
2177634831
5466217327
5839401011
7995268064
7104089654
9789223456
2093672067
9591781328
6294575858
8559515352
3695449110
8247700677
8241522114
6517475996
7410379424
4052047319
3034975213
9757240223
1100328476
1415069696
1297537481
6204063047
8713523565
2515242564
2916216848
4844583210
3993017159
4388671074
5202547831
9631315622
1234546529
6041430641
9184179457
7526944105
7748897155
3529115103
7908926466
7685679697
2802565256
1483065997
2362610473
5904754301
5714152970
8760249601
4134353145
2907622449
7534058773
3474087339
5800843064
7511797757
7680084380
8617595260
1816522556
2479970340
3459080670
7259580375
9095911318
3265843854
1168431615
9108906109
4735547734
9341280310
4992035674
6508797722
8096569613
4785210168
9795205791
9298583972
3817616329
7763711019
5752401374
9660594035
6233199908
6323592962
4573699647
2595452297
1778923390
9102918861
9524394910
6468675571
7876144181
8786403683
9510594338
3462419916
5735854520
6946183308
4572831916
5044691335
5721449527
1268518575
3098690925
8201520649
8251313479
5834125813
9880722091
8083320102
6592099341
3546519999
7721786680
9147142570
6737274456
3412015195
3516458868
4718202009
7245400028
1943465275
4902199337
2656128215
3113748434
5150282075
3304294040
2988767431
5778230660
6945957991
9732073181
1411372562
9399303041
4466454964
4319320867
8029236249
2306923088
3705763853
6016102583
1590956748
8508491686
4739721288
3240680492
6727908711
5209658590
9715022243
7029675186
1449812227
1992356210
3172547626
4048568625
2675957584
9122801995
8323194262
9461329187
1618135646
9326727181
1532146816
2686189048
8656181465
9291963642
9306576508
3043659002
5561029412
5274844741
9678814990
9743553173
4721365277
7907730856
1972555455
8676651181
1514960339
7840808134
9474976707
9244653572
9067542704
4519951496
3182705251
8695511470
6440428928
6606778886
7139111613
2831521276
1134426569
2373502106
1058310902
8173748676
2538160482
5147590859
5859409083
9944451442
1090309971
7317545603
6083931601
5198973960
8640580272
3271204850
1566147932
4106614888
4079285426
8254139707
4889753712
3218002392
9922535987
4125664111
1491645115
3742686150
5862375237
6243936540
1685082049
7924809021
1401177136
1940658435
8310806741
7687336979
1101126567
3201698564
9256514267
7344714474
5350863260
5585141010
5415363927
8598397285
6189723988
5214672015
4881578567
9651661995
8333784572
1722139438
9438403383
2602629920
2395111146
4358351717
8692414465
8090994065
5936742266
7096526102
1553267713
4874266463
2231309060
3110663008
3693433164
4240260501
2992535606
4152596204
7648654281
5054288930
2230970542
3853332156
9270145359
4802155085
1686318574
4815973063
3851703080
8518704167
8092568310
2702271975
4251450058
7606124419
1414654025
2048455071
2273121822
5265201250
8124770267
1457302572
3941724849
9420183985
8532640939
3233642716
5812229537
6931268437
3971321422
3480940760
6216290959
4670497573
1272595079
6502358754
9796755288
6265659289
7776675685
7739720746
4892463556
2335085089
7769932410
2629770692
6513789858
5632853355
7661966489
3307376033
6249780189
3850074132
8694048253
4659689896
3296895973
3775585623
7081319464
9335651828
5582578573
7230551685
4452729434
6732362497
6031692895
2948164384
8737123821
4827332202
5077016878
6544992791
3761147084
5309034587
5709230124
3924035382
2466032587
9411652338
8269541027
3920657973
9833630869
9609297175
2574092568
1978744362
3198500205
3510164412
3023487578
5457739651
2001573561
1150792804
2739351424
9980176328
3110401504
9237617077
2846804647
6488606473
2008593181
4071796132
4539286152
9072963247
9451787243
5967540413
4564807065
5620656486
1197996130
1981359865
9556166929
9577483599
3519074365
7567474904
8246272110
2005326229
7030723107
2010234490
8709811913
8235669130
2806781654
6202102782
1530649531
2210411347
7136249936
4258277180
3134985430
4235683639
7577308549
6276573338
4764301532
3963562288
9230583139
2834960160
7280420885
2149451225
6990239335
8135366733
8963692216
6576322534
1442716051
4376820647
3662422288
8681135277
2378495054
4781617669
3611097220
3664513491
8613643748
4744497869
7208278020
1866556668
4499097030
2286884972
4678986910
9618522370
5003123867
3058020286
4908380117
5665502785
1525449710
2176534065
9116108659
6603936177
7367915529
7466790504
4487634618
7760802601
1782083620
2906033319
1513628735
2870563419
9159231416
4181908807
2948709099
3193610116
7046521361
9771893188
6581522945
9777494997
9419572069
6928523246
2207822727
9909830022
9139957290
8236552376
7851671709
4366476673
5463966477
3202629129
8199078594
5923297664
5494677427
9217129564
7879239882
8578613068
2572497381
6234688520
6888477656
3464040760
6835782168
2569933548
9498212888
4482345353
5560705027
8763620505
4968690803
4814293664
2182609508
5582222327
1011915547
3915774251
6596323321
2837977012
9602817701
1745339490
3286212508
3160952076
7213250859
5805076738
8922520928
1345516515
1044718414
5862915445
8906344810
6267799517
9780310749
9142518467
3908661446
3780874284
2479637679
9315981208
3616743673
5694739907
3501436888
1273599069
9984997992
7520996768
9365717378
1595203905
2552310108
1863627676
5437214172
2864353443
4013408643
6813589710
2705955751
7576597940
9116406915
1052047760
3760386004
7744014011
4769835523
6957551508
6629698269
8586440537
4721354322
2394790395
3815127778
6354984952
7159247417
9326856165
1084209516
2471571150
2322354833
1800180243
2211537056
5447312028
6746287269
1751752377
9458516186
9921605060
1147751142
8596558138
6201077903
3995870911
2678224562
5031592693
7652778939
7803114831
5578753026
5487968366
2344114111
8401448237
5346827878
5730365666
4331176510
3452128189
4872666538
2750859752
4837110476
7798986000
6750925055
8257212522
3735300008
9389117172
5571301472
9101890212
3953786587
7545223350
9127190363
5588816574
8908730280
1895326732
3272859831
1604182326
4373767219
2965883453
9256863782
4890821887
2345842780
1583602018
6285836487
9821361546
5206666669
9966009302
2020804353
8878348765
7691021748
1441640642
8650782154
7982937814
7320931666
1437363425
9006065657
7900248621
6248256919
7021711146
7746799875
5786625187
3622725521
7368426592
5970783516
8974800890
3366561626
3850293104
8406326311
4925470928
1799147570
6648316546
6181725197
5783428369
7132672590
9635583163
3127866339
5915560399
3314564105
6024334166
1397386014
1586861856
7299016833
2337058709
3575768068
9032669043
2722088410
6690004375
7996380269
9051559242
5670469533
5996423131
3145984383
7971542065
9451770388
1924601954
4227054953
8129838342
8236860671
6959328326
4842156470
9023227420
1067184129
4005615914
2391549148
6426363426
6616721339
6324720934
9763179082
6126695619
3383815923
8962138290
1036261257
5996654376
3333628156
5500291724
2105541804
2500919326
7293313942
9556027202
3206723410
8179855703
3623517785
2101804557
5445940562
5507029471
5742652917
3808545551
3571597553
6081403995
3150784864
7817341822
2910056391
5265990872
5798023383
1760627116
6469893872
1801380342
2451854441
5572825728
1564456098
7392091499
6398687928
6805276269
8187137471
8707343633
9488275652
4453005335
9786266915
4125581723
8900710719
6637487914
5207857444
4018539719
8241484230
7064685502
1730686849
8844636284
3325231666
9210271666
2570678883
8861179406
6231251641
1811140142
9511402267
6624923393
3141994664
1662426955
2996548912
6642242042
1221135429
6109251229
9757400770
9835699922
3806370979
8070834236
6058934939
1502886676
9734711301
9602980859
4479780951
3713209912
3007265942
6236427475
1991043563
5054679432
9140650408
6143589423
3496281912
5427886608
6947758449
1591295011
8248417367
1279694282
6562271072
3919041170
8969742783
8092968538
1214847095
1975074101
1993161142
4696173468
7112885749
4440499436
8998466714
2503234096
6521461297
2245586358
8447718486
9299834429
4647619679
4142902670
4582555825
6415836545
4998869190
9716104084
6223036444
3461369967
6620286894
2601029652
1033203496
5674796970
9178304801
5919339380
4436753076
7766273084
9327914674
8293212328
2864317937
7995078716
2576323776
8302108555
2815770306
8793780266
4719371193
1513706930
2408845693
4673504322
9589961752
4046242112
8260781274
3293124522
6593656013
9976302890
7703126748
3297020057
1669916319
5695790771
5905140089
5359015044
8068775761
9951146049
4532567146
5513585055
6870345861
6227762488
9151998852
8385628338
6442120266
4538359086
4419755785
7635309835
8638032642
7835678022
1140963109
5536287638
2376119721
7097848966
4490539442
6012731671
5268079152
6680175696
3199072605
2827994955
4527075340
6866711744
3310899675
4844819734
4121698783
5500963184
5134726290
1628457377
5310561307
3784690353
7173021404
8664519347
8323829305
9862034245
4569702002
2932753161
5501127634
2779396030
3820018026
6647454790
3962467140
5948275218
5975853273
1285636085
4549122224
2653510282
2283947008
6785474842
7203757016
4460267612
9440005495
6134851993
8758189059
9568369891
6250087003
1629775998
9158420316
1641064229
1208572021
6256331807
9987455732
6426524102
1907342963
6582050287
2462207584
1807776921
3667372666
6312329811
4035856352
6253677453
9999992263
8937516389
5014286084
1267202423
5155300100
8909007921
1470693407
8965059205
4899562202
3134042358
7260420557
2854901213
4745270631
2785419089
5033319301
3277504153
3736618560
3739634237
7603645871
3049703491
6846890770
2232131786
7605255815
3568506725
9343739998
5704207786
7916577566
8488544006
2814006254
9452314785
4408233809
1949627748
8125530977
8303499926
2131520708
8488141485
1511632941
3565534445
9270617434
5525898128
6102667846
8320327434
6592757961
5607180218
5580884752
1074312033
9362313758
9103975027
8740127156
9831000262
1413904083
5958090627
7095326862
9873561847
8517732180
3501380763
2805333856
2956021899
5515667206
3957349571
7744749334
9854132125
5855938288
5480665058
4134717154
6695690010
8525975192
1493223733
7451437512
5559220839
1633018998
1370469696
9260392603
3321060557
6052604870
4284600515
9357770957
5376665214
1881247551
2858144481
8891358449
5961212925
5158256170
3161760156
9411269376
7108435333
4764916865
6691214279
7246766151
4834976663
8400126326
4518003687
1839760761
2911251113
6800925813
1432840461
4398114749
7879160181
3382110974
4778625729
3189770564
1179838671
4724208477
3547770371
7416615725
8952052582
6195896968
5120027315
3342953248
4365994172
2666212450
2885843460
3990920084
8878630336
9005043048
7819508049
5387131296
2469854994
8701838381
1267983287
8108566799
3349338131
2733875012
4061670116
6218737911
7249774219
1037586473
6226757581
4222961786
1382268306
5716285558
4658384532
3566345079
6765438603
4958702454
9239969183
5214365891
6210094319
4716585633
2266514976
9391551631
6434789239
5327184485
3637055900
5690492414
8411598862
8551449145
7210091418
4595156189
6133249349
8902822568
8908588426
4708950961
8472395242
3067851795
7180138599
8584390330
6835788595
9276128912
9867554475
3880873404
2586904566
6644965157
2236412221
7799767719
1951905114
8877560623
1987922157
3533398379
8732616975
6259634968
8697047824
6141479030
7719835907
7222436670
1551572202
5807081706
4140244252
1941864420
9504586998
2373460477
9704005941
6377846714
2164905651
4586559882
7924261997
6585994661
2590320275
2522545191
9201458498
8705984509
1881060500
4027492180
1103950796
6367146936
7703008880
4610885320
9057375236
5686216980
9519709997
3913271941
6954277695
1554474599
7100645623
5841722424
4624890004
5598762008
8923095377
5216857703
2342665324
1860682235
4489528518
5792523081
1412200290
3660079471
9139011464
3336776232
4211699353
5210107885
2421939589
3377108976
8041463819
8921216788
7115319979
3318267340
4204042456
2402996214
9833407885
1631426313
9826996164
6287879835
8164712241
6434149557
2707334593
2934970587
9495232467
9000354261
6408527504
6732640448
2533614550
8674507784
6857113254
4166236867
3692109005
3440816853
7326192083
3630430743
1617987651
3473252893
6913475408
9333702932
3814446304
9504533799
4252984922
2282612266
6127370296
9787049468
5212716196
7816162039
8079662882
7909996336
8369898723
8891580477
8262095757
9165319648
1795982955
8264118737
8639984659
1201926842
3576125717
8218442043
8889026510
6974028487
4894884339
1238338258
9125714570
3219169036
5681179355
5712939359
4212486802
5896760623
2833181271
8098919964
6077899838
2061909147
4709623400
6384057152
7619562931
4306600541
6987400896
4854508231
7777753186
1712922750
3785464659
7959943502
5252467956
8735017263
8649433967
1082807362
2473315624
9876462908
8854222981
2435752194
5477579418
6495956372
9029520446
3172409193
5230047998
1425792138
7010527243
9988801585
1564712018
8848354748
8553476462
3269000797
8438611006
2207367898
9917174759
2602940966
4914992739
3684709726
2269522637
8998816345
1984183941
1002213261
1818377349
5445517336
4937512657
2521928720
7804908269
9963770006
3032847795
8303233379
8462749456
9403904399
2587184131
4581868067
3942035782
6383645359
4930939287
6119753278
5125809086
4664535620
5536937134
4938687715
7098871123
5774223600
4718006688
5837312144
5189544603
7331210532
1880343402
5164044392
1994811056
3486008389
4537302464
6111907204
5458409705
5226735342
6387399512
8077907820
6924347264
1474822165
2125044713
8112860854
2125316016
4575016170
6810953250
9911466343
5273394731
1918040662
9210875455
4060205274
5599382162
2288443598
4927956812
7228128821
2193847755
1854239228
8569614276
4178678097
9885899225
6606307992
2262869476
3117081760
5174762818
7149996592
6055928743
8832464795
2713620104
4748193643
3036067588
9382136048
7335639819
4428100060
1716983868
1295824270
1799144727
6102845361
4078113702
8105285054
7589293624
6578259360
8518259090
6041072010
3973735225
5499192403
7596955977
5346719983
9266266297
7896280714
7023017513
4725086439
1597882649
4967398730
6982991297
5590020707
8224284886
6587649205
1550815403
7176960221
5750634923
5468557245
6179610046
7185501658
4530475465
8703131249
3684173304
2302355827
2368818201
5350111240
7156157986
8849310618
1067445014
7596323773
6652004430
3207800360
8520141935
2579597225
1893521591
8122370691
3344367601
4965007655
8884529629
2157050041
3687389119
1511687633
6349825881
3778190892
2463653354
8385593758
9791023379
3837808971
8138469043
1593620918
8869417828
6626511956
6314722204
2502418186
2374484710
2349167976
2231162416
8656252252
5185081263
8289688810
3979899005
1574597742
3640709020
7638261488
1822108042
7184367203
3498098813
1695955799
9723877992
3643439845
4585355900
2718607548
6655144134
2640140523
2738167297
9081536818
6452574338
1377504163
5115257520
6157793269
1452137768
9017807088
1529504311
8749944815
9048722506
6525769776
1522714844
9377415939
8411414143
3550265981
7035408595
9518220406
9583086156
6526053328
3225358798
9257421308
7809223082
8052401508
1303469437
5377785111
8196746956
2636510772
7098906476
3203910761
3968848670
1435644979
9695037862
9926318323
5396256626
2022290827
4968891376
8997172113
9300731659
2144206679
9254897663
4175132360
1933224166
3583345538
4832688002
4576027689
9502070324
7760829712
4353460172
9803377563
4738183410
7212073965
7235546437
6285655969
4498030718
1497823187
3533364543
5250150651
8948132967
5148216133
5144210462
2212627162
6515305385
5152717189
5182911151
6537817846
4344103522
7883343637
1668127612
2876791418
2137844953
2520706355
4210028399
9960728279
6813091597
1649967247
7907449209
3472470571
8435440180
1960960385
8477080160
8642863019
9015590614
8819671409
4394283161
3953325789
5458433650
3525334878
3768471146
8652941800
4894688703
8352516610
8001657397
4490576774
7476690792
2548781183
4250329067
8631564307
1586557187
5658227796
1348369085
7320152738
6469953840
1325000850
9547450952
4857549271
1754998063
9635400889
5076049758
9021241805
9055504262
5702816692
2814096584
4953810398
4731328426
4382995438
3604568175
3693697468
5803326715
3089009029
8244044107
5284954987
8278908622
7342991620
4225229843
9539587337
3237968589
2610673269
4082307448
5403055198
7486658745
6173029844
9002294438
9627622007
9341689493
1682687403
9133943454
8751920644
7099783443
3394761449
2765807916
5419860180
6340743911
6139809874
7393847985
2329912538
8125086108
3751023654
1102457840
6537070759
8035252829
2680403062
7619606081
4555488459
9770993448
9602492954
3566329013
6155469419
3777037938
9255622142
1859450766
4137023947
9200676565
1965246124
6544343712
9520089373
2418681610
3333267036
3305959501
6966637327
2232447918
1365697420
1928483442
7448761189
9111700174
7412290865
3207885802
1040853724
5471392015
3724950056
6709888095
2695029700
3664199364
5291912508
7998431994
5668061187
5585014912
7900885220
1542640552
5948444628
9228609319
7192475079
1832452079
2826286868
6040358239
5280151691
3401273614
2532627692
5426040293
1790916852
7307755060
2254118664
5454269677
1576229560
3412223546
8160229881
5909996998
6752020383
1650538726
1346266213
4653315276
2219069388
1221819208
3868500828
3555809207
8451143074
3498289879
8110728707
6062938723
5846913109
9577155926
3560562644
4335318786
4782858033
8511058907
5498886374
2878294656
6024134686
4278198340
1220027977
4822892610
6982265974
9416404252
2312173934
3078470403
4077648035
9731617714
6655255378
8403268832
1018388429
3104719001
6082729797
6554815464
1614268930
3031638559
3003567986
6373090287
8864138133
6187620792
1127416542
8452526306
2726494737
2434727627
2856524016
5313165683
1020530544
3394637949
4127017657
8477910365
8581520545
6530607912
8269933210
6501784787
2027714727
5402371467
2757579104
6058670194
4658020706
4136085306
5181930158
5704686385
1540192373
1890373483
4732817346
9775326444
4441494385
6660578912
7394822839
8564321341
6215677741
5460599312
1708732766
1128664541
5551149367
1993249621
1586754450
4115902201
3757099786
4590935169
3067333904
1077114314
8123502537
6839497735
9852314531
2431873284
2293024560
7749088784
9849136369
9690862637
3753442946
5013264782
8325089084
1184748735
8866726361
7186213654
1490523838
8600331737
3825290577
6236424100
7175107183
5616731619
8072415526
8511413706
7632681063
8222941109
4304138493
5478987721
5164052704
1895418990
9484721557
6158497321
3914830625
6719611274
1681481693
4853052820
8592685966
5563823018
1050464014
7168400157
6757134173
7917419536
5484641940
5463064148
8445406307
9249959901
9010828419
6885512104
6228859843
7417883060
2135388515
8154447045
4135430185
4337823447
4726992197
6747157530
7458514593
9370973378
2132583858
7182856088
8526829877
2620940142
7523640932
6971409384
9685115617
6537103837
4467619440
8847016653
4815940139
4243582493
8653392772
3312462281
5186352663
6511339645
3764991368
5548294954
8328567666
4210813236
4754749053
8601076121
4749286133
5251151846
1057663848
6048816731
7460706600
3782949347
7850300465
5318927417
7505560702
3416877071
2873164096
5698876845
4797190210
8900440308
6994398912
3627119226
2124618688
8909949402
9675170265
5728045637
5992683534
1700777759
7616474535
6272679470
7444029408
2279494315
1183152663
8910453751
1679686764
8221490405
5716106070
5821055719
3570923421
9460721371
6700675637
2208730238
3266249509
9541083187
3367468824
3281436285
6192176006
4485044405
5144624179
1168488297
5776609552
5062596214
4957833172
3645415759
1876595519
4477574840
7515651150
1222930119
8200433712
5881476738
3015076389
2057543826
8451967677
2108351998
4272623024
9163914879
5771332762
6958138224
7403758637
9771745204
3349219143
6324559775
3003469305
7931017231
4865760673
6542810403
7330824474
8384184339
2266934411
2619696685
1162899886
4598955055
9270455904
1996580986
1331690093
9585937998
9365573890
1203957644
8044529916
1891479658
3437912670
8430882852
6853144810
6839205481
5592886076
6313810633
9840775822
3172148916
2089171903
7657440766
6143830806
1945261820
9267800633
5097235614
4552373720
9866894511
3189924403
1420684587
5171650315
7557593818
4885350356
7125577856
1477431575
4347319050
2959911466
5567606411
4643802951
1367986409
7985489624
4105278398
3567306557
4365839084
5497525550
2600970572
8028038944
4389989776
6327595910
3411296333
1012580369
5445447552
1590734000
8093226050
4830577333
6414117910
2871114163
3707765203
9723062182
5254740290
8985158117
5783990192
1993818545
3256150394
1911377588
3196831634
9554927362
9143866679
1160449035
3146383728
8273349780
2250195519
2169008605
7122961489
7443987598
3767216949
3097866756
4661083801
8843906079
7942180224
9828062665
8465212600
4712294536
9862633929
5172797510
2320121531
2120149169
8328653373
3160602420
5562556090
5236966014
5457157029
1659384130
6772024693
9921974306
6179903665
9357713957
4720538405
7908646141
9834829083
8782091729
9093896600
5849481805
7145694624
3800107826
1698877798
1474247906
1030067480
1107128695
9990967657
2406195632
2630281329
5870920556
1255564970
3217118374
6272880436
8221767150
8857931657
6425403148
3918452821
7523462101
8330101759
3255166478
9479955301
8672015981
6248046291
9590028813
5596976751
2657019463
1926104927
1720962247
3880647804
2458722781
1823216441
5231112186
1676835438
2485032839
3881487877
6456618894
5434539518
3075015507
6608075733
4046955265
6422475942
4186879365
5986976167
9403098883
6397015970
1396908276
5079248407
7821612072
7524732431
1966164299
8595966987
4240867658
3013352415
7228055527
8702630027
2390633689
1209320198
4275917488
2253963806
8291477957
1218290417
4343348801
7711150349
5528574955
4937625333
2610022048
8756872651
1633742077
9781402696
9453923257
4621322695
9901517632
3874482655
8361245662
1336808792
2313467471
5264146047
5813655394
5872649929
4325122507
6740158509
2188213324
8911323078
9725396184
7389811536
7627817643
6971351695
9421321192
4447720712
7180798948
2602673103
1038130875
8834833014
3933640023
7617340664
6068180915
7728107784
1230002412
1529327286
7131638754
1606938701
8510827646
4246541601
2041165324
1243667570
6958261432
5505636781
1052435356
2191763134
8736755008
2224051701
2934787961
4742949388
8324923162
3626418522
4937283684
9193021526
6149994722
8220626085
4916502776
1455447798
3911317531
1252692594
8417922048
8529066311
3101720005
7966680719
8237699820
9491468116
3682664283
5316047773
6181958130
7711309268
6132658033
2316475909
6438111551
9757721748
3353048411
1394975551
5876603288
3485485087
5242570364
1381592791
6400455665
3141643212
9994624107
1077186551
9426444796
6541532637
7322506017
3900509260
8465639905
5626891571
4527883846
7194687320
7216645316
5922425753
3416466925
7519617298
6814802951
1538219676
4254721747
8965949127
8633318229
6045054667
1067087391
8376257550
1276431380
9213700790
4036410806
8069338446
4627979688
3487320219
2308802153
9608894891
1960694514
1048204366
1333143035
5536987083
4400630856
3691013145
3294771457
2908339099
9425176709
1783973110
8334350729
4839493010
2697513227
5157621067
7514566601
7874046682
8848909705
8982697979
4408344525
6835637522
6210712000
8940136160
2816133176
4821960105
2369717213
7039388888
4300178748
4938684194
6156103182
5598972923
1580649000
6486477771
4148688637
5892349182
4071624462
1045430587
8117302941
7307625302
3646955379
3588160055
7367449103
7975481059
3204116335
5875138833
5680221725
1432182175
9571565841
3430730480
6856771290
1223184713
4919705814
5684829500
7831515968
1873793773
3059527518
8804788334
7927595849
9020625817
1013161444
3542359073
6115201417
9614949695
1011328589
8708753616
3829731091
1402646518
7387575401
7767772023
3305027130
5675224485
3125392736
7764911862
4073406976
6344064717
4617395414
4769289736
5488378371
8532730478
4441003855
8384274501
7471658503
4617475009
6216976853
7967941821
3983545584
5837273322
1737618558
2213256270
1376194150
4795328370
7356676913
6844280912
6590224922
6978726878
2927876340
3565122692
1987768908
5105191743
9438469765
3412777465
4276977684
1140333486
2503914568
5114401716
8734253183
7507705777
7743582842
6066398283
1506852317
4702463024
1545242959
8190380224
6058777375
4880789751
7810598460
9616211628
2214803369
7070422678
1348754971
7875118861
5692101633
8947702383
5831950606
8529572102
2614628227
5576386279
8348743158
3916994383
6224790637
3729794497
6010337394
5234698401
9301330092
1385626403
9780370494
3645348290
5129961669
9556967453
2537816364
1398288613
4845616569
4143733100
5273064245
7694469579
6413702218
2631230669
1919652191
9623825667
2235748086
7637800524
7570087497
1009771515
3620531840
5317651816
2922553996
5022382288
1511791200
6582604395
6011214058
1509366715
4166346143
4139873950
1936775271
4452458794
9090967468
1581725791
8572092634
7021210674
8238609176
9762280735
7562495956
6913078599
2836058455
6834572380
3365067280
2363478720
5402921373
6714828978
3844404707
9171250423
9357442847
4956108555
1926381079
6349636433
1830156662
1445894195
9424569206
3696130697
8988622853
5333001680
5812906404
6154769528
4756908707
3428318714
6765899814
6923341528
1981142929
1359920185
3070418533
7732143047
7356550691
9243340913
4621815094
4936825808
4834718446
9178542909
6068290371
6774513532
6552200100
2554592273
2564377040
6761889658
6010659416
9701301531
3006339170
1422483766
8853221169
4970303359
1112466485
7473242244
7092342376
4613335695
3568283441
8630556537
4999690708
7120252658
4161713262
3091363935
4702936993
1635026215
7906650651
8785266165
5968845966
1348937556
9271813570
4073904809
8588907925
8902322194
8339536084
6287018880
3147759762
5309263324
7192691357
3982221660
3823975855
9681018824
1274436143
8980932793
7131832257
5980073775
1651227122
3913951824
6987189126
6090837823
1524094948
5142408432
5346583859
8276320604
2807617254
1123147818
7210354315
7291009980
5804902972
7007885492
6662821432
1841426524
3805514753
3625618695
4686795154
4451819272
2224681143
6426661851
7521000103
5444627395
1385000925
1024642606
3049400848
8080142293
6767507313
7977063695
6416891596
2130581333
2804267544
4125594385
1195345246
2800399529
4519979659
1299484522
7223156196
9905987655
4112885884
6041913917
8491141447
9952050343
3733875446
4343448345
6705742644
1421056278
5013114094
9939183001
6784217205
9709631222
4126129121
7920783260
2199867832
5253658113
6625641758
2410712075
1486013893
3534672812
5189893611
9001291256
6241860624
3034245041
2356736504
8786571977
2445542170
6942732153
2604219570
4370231425
9690339355
6549039542
2716427442
9984296601
6008952257
7204097981
3101093218
2625282104
3560861124
8154492084
1783520602
5849681254
5427615192
1670422382
6122802601
7004825819
4866665957
7358557782
1386760945
2688716514
3311214882
7629362333
3741479481
3633063273
4420069959
3589757225
7960127460
7065889288
1104875599
2300260738
9514731583
2501047613
7376691102
3942656804
3472569658
4165178607
5019295977
6214223928
1810769291
5927828727
5381893186
6683297198
2456065431
9846455279
6454987620
7659305104
9336166341
2735040802
5099129794
5116627254
9604974704
3595880141
9374920070
9987232957
4200169369
3398272379
7122946504
8860231683
7918067044
7891744726
1090130707
5455332291
8995115662
7945462617
5649688269
6604356219
7392884842
1913085040
7150808946
3203150376
8886141780
9156772183
2575327206
5717164542
1549826936
9802126168
2810536512
1238161973
2780561957
6703817536
5808912206
8581564768
5440977542
7570996420
7354707204
2942010705
7125157795
8665068170
7204895689
5734472903
5132775030
5660785276
9903546489
9946205086
5767484542
3451530742
8922862963
4014941152
8433104279
5392018170
9191236732
2895316783
6540057911
2265021938
4858133099
9923455895
8489305414
2770793460
3245752124
1467151302
6044311424
6204397977
5780238719
8758113249
9598136569
3102936882
6617425577
4870623703
2057962583
1054967139
3735125097
4037642014
7547837185
5208700302
3670310467
9567519459
7150793975
1407221907
4211952430
7780780165
2612604852
1710682366
8287755357
4393108600
7210060634
1453330308
3464992825
8037172934
8953512249
9358378140
2266593368
1608554465
7856263553
5645933311
6520241290
4499599277
7833557988
9257063928
1258879472
3865606178
2919961601
5523514082
3082058006
8443827577
7420340356
2884018579
9310732163
7015407995
7799361033
3061321676
8679711953
1311372515
6580423924
2779008666
9245288699
5831741797
9783300810
2170275901
7700031163
1320258401
7536409560
1405607265
1572970458
6499107238
2396155389
1092791612
3847588099
7941593755
8374141137
8810656747
1289434353
1979364283
7380882067
8571371564
9817146780
9503228939
9582084670
1078224605
1335654466
6348284300
9320428025
8511811832
4666680851
3484078021
7621751660
5823603228
8574408860
5093489420
4813648571
1827424443
5006077303
2959442651
7300254864
5302235505
5315077413
6919157685
3236280238
3600811816
6229337896
3722363674
2634680383
3922778225
3340541201
1446131420
1157672399
8349147957
2445740051
4525734108
2159230481
7173083044
9149192710
3891588370
5315620773
9309952067
9662162879
6905441561
2417606535
2542311256
5865710977
1089817142
9795419643
4431481568
4472514873
1152185260
5739068130
7861596982
9561025847
4476820899
2045611382
6443873082
7096010391
1104663209
5133864485
7368414631
2445204519
1152444628
1799240552
8404401054
3399165779
6338336601
3755919733
9178066336
2529817798
3447327967
2514696022
4879730253
1834792629
2946697736
6186654600
6256427396
3852638451
9185333274
3629298573
7420199590
4310714064
4929335278
3134224129
2551757073
2084362993
2160844556
7378127324
3352680725
2803670944
5196926191
8673686744
8623888914
2553388587
1797071916
3641782150
1497754712
4120400099
2184146646
7665011050
2142274023
6315594239
6629559137
6647292171
7515958531
5482206060
4207433805
6414095745
5978730329
9835896435
6451342956
3818423368
4411514133
5467888695
9562244645
2437131441
2209463715
9736825002
3039046501
5752793862
5551060741
8847918937
8818690849
7988566715
3004020476
5104340492
5799504025
6299332438
2321539887
1962344681
6799001819
2868757249
4118752351
7258724770
8466830194
8518896509
8474380574
1406593514
2560675757
8897432888
7729982348
2686273673
7310267454
5966176612
2718380201
1590457742
2262858694
9988405424
8546098657
7684684269
4478881449
4430103970
6346875249
1684101218
3913115621
3313989324
5055758721
3023588912
6460934259
2427033040
1856112793
5469694424
3289030394
1966028252
2001796855
1776095840
6448992954
7826825236
8709454058
4847291940
5297187376
5897480125
6456114957
9629831329
9059434187
7559234363
1089006479
6690909339
6449969048
6193068230
6440108200
7290260573
2824363267
2125691456
8480190206
6579139428
5354898999
2267009125
8367062911
4429736193
4412342885
3089179471
2414311848
3279113949
9585950177
6215777240
9082036474
3907404590
2899423962
6512150455
8004831348
6449020372
5980962643
3670280613
4752290009
3195385047
4284013765
5213673625
8056777974
2493769537
4276176896
8005418444
8387706001
6147154935
3441448451
1491137490
2208747279
9873860208
1052630297
1452113717
7472272605
6183635065
5555542053
3974082749
9901701966
7072354432
7390876430
6746972432
6964741093
8103106131
6501129997
1218774561
9777847246
7446905049
2115653518
6989693365
2493675745
9510982072
6641971975
1454881868
4687081561
6293007088
4804228484
7994420990
8175779828
9801538319
5660862124
6555049969
6118159338
6751443731
9370368178
6133588323
5242931950
9633403681
2622346066
8201000458
1230460999
5610711342
6562455288
7906166240
4334892184
5418823349
7889147030
8689697548
5613730936
2460726934
6108597395
2468048175
9366904065
7284028249
3744200206
7510407591
6691592873
1540833174
7954151743
7431503499
9902449298
9035395646
2329255345
2273882377
8171114945
9730926055
3193203842
9019943610
4593329971
3980726699
9206907619
4003922741
3361860010
4826310436
1811817387
8408436214
5952969843
8021473915
1047145168
1196082802
7125208335
2516848817
8764275538
5266478259
7455005982
2698697481
3636247278
6543484543
9423118939
9565513351
7327729429
6346447100
2665594297
5400337521
8975983410
2170546360
8236181177
8326001533
4571289821
8638894230
8154470510
9071979528
5989942670
6149598009
7245432223
4539995436
8881323209
5095442241
6800468593
5831254460
8700727253
7521882385
9724320478
9187368645
9758955010
7528867146
3369622900
1252320565
7335190819
2463359891
9198108871
2832960633
4474890269
7136688828
6775411321
3128206343
2099744573
2770062785
3707001244
8514885079
1081255682
1479351138
7261319469
9690351388
8529201959
8499556205
1232470145
5188927359
6139695355
9526255642
9774282331
8082577058
6936278015
7112174087
3018295465
6403294707
8732065234
4656640138
6414458467
8623310071
7712709615
4367564405
5534311760
8152991470
6564076771
1579558826
5102435576
2547697334
7367973596
9604149406
3736300370
9932635790
7360765172
3363480180
8266617344
8527504914
8820551897
1515972982
5598836842
9566093532
4434816658
8980379243
2002536952
4064362027
5809351788
3798374143
4727011491
9142835618
5018398793
8715952463
9563515574
3925477770
7856598718
3110731158
3651976737
1432149199
3072361375
5512743545
9693326510
3445363600
1176112275
7468777174
6086455197
8491311422
3177080742
2140309696
9136094060
5329592686
1074046677
9658846520
1776042212
3082801444
1568173102
2552619307
3813189650
4261245623
4307761134
7055673289
5300982517
7683918514
9406676046
7125439545
6010055243
5142270036
5779659914
4816118679
3521805727
5625615672
5914640402
4224260886
4504198697
8633091475
6013217252
6299448375
5692429932
8553246556
2536594271
3789184061
1207940696
9232349173
6283300813
4730053873
4652478318
1706298049
3716706644
9402949067
3695085434
2956410437
7493342297
1045714571
9268924431
9158523045
6223971913
8370798801
8537765774
3348353509
7222599398
6472073071
5625811290
2407268457
8842920904
6392316587
8347270102
2201888306
3904284446
6592860722
6220503892
2685007679
5875165538
2774464587
7341871570
6967213474
7878046182
8993094396
4022621784
7196961164
6468800112
5245950634
5961640567
5167010026
2335999588
2864772080
1757769717
1651840209
1606695265
2242818256
6818144016
9418737876
4672878162
7345942466
3695294055
8389523055
9517406277
1650699833
2375504149
4381680541
1161792307
8005683910
7613904883
9270306109
4652346792
8995107007
1836860020
6982138009
8785470823
5597368007
9300451549
4228125615
9342885882
3432997659
5949814382
4562611316
9231380007
6097418229
4449450237
4674188941
8434374888
2005134355
2985331059
1169849551
8253045611
7793118520
5010249672
7447188144
7321261263
5205873489
7240602567
5967673746
4828954289
5232442719
2076360673
4755728505
5079998085
8220428874
2917584260
4477537420
4933945950
6283509911
8652075270
9547453666
8009294027
8305255520
1819808434
2366349371
1163175201
9281707712
2890086406
4704054851
6813204793
5816653905
