8391456727
5163814850
8459046376
4161327998
6279459412
6704522989
4133352058
7594739870
9365282458
4751250499
9333811314
4744766041
8571084784
1325168811
7872140021
1919670787
8424941253
6936127732
7331442623
7385312306
7748804025
4702452086
9071378313
2680184287
3616259834
9086965459
9029798762
4976772850
4936579849
6097997009
7126459731
7666348457
3588040436
2043444189
6450009755
9780989469
8742112249
4338317950
1547803117
5174442000
6546326251
7299110867
9876929102
7894510695
8636142425
8416251921
4713208873
1712876037
7907424987
6374691766
1499380824
