7283401630
2412927202
9300354969
8498616435
6628948694
5960885881
6652335055
4110011564
4365604702
6160004955
3177380606
1219971281
8689019956
8070886763
2410475701
9188524795
2654064369
2362995273
9362405049
8064460020
4284051070
7063733843
5174706192
8348597631
2362417532
5408518906
9337350902
4770951375
9605282954
7606049095
5889622626
5307240881
3355928251
4534088751
9956846504
4466092856
6703697806
1236419846
6354692203
3953683190
1202359699
1491876489
3191407749
2908936548
9575180325
1901303770
1007024821
7040824170
6420811489
1303566533
5991782574
9548689057
9215713441
2909067409
4628070337
5994337963
4472253330
8574633073
4310251867
5474696017
2276359920
7441918296
2238670865
6349412363
5845901474
7715896007
2813026864
9798305203
6111119468
8492171645
8424821379
6005257066
5176382721
1246820069
7281561106
5973277418
2043165944
2690625998
3535872540
6966016714
9249014980
7481116486
3293493244
6801268426
4530829213
8063736470
8493480916
8775055516
6983700373
2901730149
7165028370
1863381345
2031691709
7307686980
5631506176
9135396777
6550609459
3001939817
4680383283
2000847498
3396034680
2122093445
1675717684
8326295603
2772898029
1743242301
1034081041
5846041021
5503984737
5758029941
8275772231
8826033574
4512855618
1956600083
3092967630
4301522665
3037297561
5219574350
1136398349
3407483764
8487971044
8230627704
3667686778
4848271800
1654680637
3210875799
4934746143
1971226814
8998350492
3310547191
2918548575
6358285234
1968816282
2517440659
6375792123
2187549883
7513038617
9318986822
6877255707
7383071634
7555522700
6669342790
6202332894
2086043622
5651433413
9945212872
8156687220
7765586575
6832707736
5098411745
2927362687
2994888479
6553801100
4647170101
2306894211
8881486591
4358548481
3271544746
1942510425
6256283188
5317300184
8640035514
4281911986
1173728850
8910794290
2580261764
1408459650
2665177828
1834725202
3743180216
2609470046
5875855837
3077009349
8162870790
4097363810
1842171370
9512416734
4267004463
6787696732
8338678870
5737277467
1591993758
4143431620
7973234231
9589351524
2385592787
5145956496
5108425476
6898185802
4312208307
5546186442
6900576176
7975491950
3273791581
5599812915
9659686718
6809203682
8086015089
9810381541
6742832539
4255969508
5421683680
6015208683
9184740276
3897844091
2704632473
6869415668
8605155416
4417388892
2122447471
5759048452
3541649058
7230579441
8835848584
8044277886
8296143865
7322255251
8960958658
5058931647
2961397008
2233683456
8380636863
2254866331
9248353606
3096146632
1078045646
5678626762
8985551789
1362260409
4453965923
9629266106
3020209667
7437951677
9740982290
6671110582
4565362153
5814776035
7364432217
4088347736
5154385463
6481644556
3990330806
3021865774
9239167644
3990201348
7211264361
8016184458
5461943309
3682416524
6441139683
8978727123
6429309312
3189806574
9199437830
4182577818
5702472922
1527602120
3007205701
5475341124
3702587013
6077498406
2873746364
4149736060
5654996536
2087346065
9488091617
8914736575
2582684896
5859301613
1994760731
2463774328
2711992847
2723468514
7371701083
5067828664
7023187865
8844879292
8107833064
7856979533
2190785882
5488669490
4684632745
6020924361
4325686845
1537919503
4366445541
2329575445
4349726471
9207763805
6922797751
5049896408
3237792094
4417156423
3657079496
8570294110
9887463978
8431953245
1848589914
1986095848
1018692496
9571766852
7063922980
3768077375
8307836931
5172422742
6439447157
1578948792
6187351681
7744106771
1674263810
7627355933
1639433800
3820268870
3253565757
1680851001
6958936685
2353439445
9381614377
6270161000
2464811782
9385749222
8644991631
7515379348
7277817679
9534451724
1112861847
4714629387
2893612519
8499870753
7110110477
3005340928
9985163495
2954832048
6576162992
2786132375
4210921444
8046204719
6836466580
9276011889
6262550892
8393400869
8007291754
5715277769
2810827123
8114400049
9450477920
4585524258
4475375683
2433238734
6589423399
8045469854
4746805518
9447252517
4112238570
2653798528
7270402511
9415572867
3674767758
3556006038
5972195100
8859118818
9042644902
7080991464
9083803039
8223687114
4659505564
7889526380
7202939034
7375276804
8558829871
3258289364
6634237391
1812818625
8250494802
2086920766
4355197035
6408367290
5154924582
3212437361
2401214279
1054154747
2640925416
3412402332
8301571814
5775591958
4812772432
1405612297
2114288461
6762573433
1300432491
6471583674
1196401583
6744338288
8873829289
5869405473
5123443413
3491788315
1764584409
1186453400
8772459772
8058153175
5451579393
7704963625
9907320872
6160675494
7681716754
1653049833
8310162714
8950176713
8886829052
4270983745
8439360265
7339077816
9718770543
4577102005
5903458070
2058429956
4948992132
1134334822
4449562480
8462931587
6727899056
8892433365
6749823834
8122540242
6546750919
4648957584
2418735924
8726449752
8960669553
4393801821
4377226097
9677415947
7643525850
1519561020
9654567160
7986727687
2137649241
2600306940
9189495608
5592209711
2141074290
4450701610
2204564031
8609917578
2815923072
7223833345
6006535665
8088018784
1364949436
3767329096
4953171471
4539752429
1308210907
8625691866
4974776062
1141910333
4720543702
7398018420
3097366233
2337030831
5172874350
1342009137
2345089373
3251771569
3169883345
8777483069
8520363636
9625063685
1588984964
8349240303
9514335943
3244390913
4258065629
3749152393
9277719406
8481128039
7871483219
5777250784
4613712174
8096791554
9283959886
3591299724
1788327468
7090638170
2031023036
6717918899
2935876888
4822024816
5388897686
1845224746
4900871343
7715110230
6405988530
8326417712
5996683170
5768737167
5295190261
2639287557
8632134285
1996206366
8542154508
6772776310
2527173432
3308012196
6019941632
6504290542
2529040622
2459619460
2254187135
6300432248
8418376261
2946514071
5636701811
5684051023
7419692147
9311779757
7236159704
7182001494
9517197602
7394443609
1485330293
3152233329
2373863445
7862986688
3277886340
6750412966
9048526074
6295321431
6585948195
7383697835
2323168636
5946096354
8882849769
1853505536
3706197211
9800637353
1578497669
9721904805
7017608460
1975707726
9665394430
1768993042
3580954990
5188714854
7016003794
7757018831
2218383420
2312341849
4752255706
5487751356
4675815607
9560154066
5573392973
4724970753
7250339052
1794996558
3239461109
9226095767
7121327197
2845211029
2809376675
6492597010
7549046160
1562619777
7787397744
2636108160
1716059501
7850246445
1227540695
4316257137
3524520811
7036604822
6000151750
6922825373
8032714493
2125581753
8076425179
7053382989
6150373091
6265638139
9549344785
1585048493
3127710614
5155540288
2296132524
6626431989
5646921642
7702461067
6116716575
1497695363
9126234732
7586955651
5953610917
2494923168
7599196285
2197833996
2630464467
8598542176
8050376342
9058236023
3471084567
8886957296
5546264450
3111938490
7502762230
5936219778
3583944181
2886151375
3536386324
6390019752
3075103687
4141699456
6612317299
3122028967
8890678923
4107440295
1663298215
2472994331
7701122335
6363492731
7011597162
5378963336
1187399837
8451167669
8652774741
5834075435
6797196877
8098957118
4397266116
1280036893
2848782181
6838386740
8643187405
6420917548
7516080345
5523654292
2499284213
1632682382
5613177559
3515113931
2020173905
4430746804
5516420846
1151932923
5781633496
4614343601
5071859163
2754549584
6031316083
2089347199
1969987337
6956931517
5762686553
8272133588
6274081136
3334542697
3059561091
2746867747
3640082169
2654967754
6188507428
8683574499
8255347104
7702290712
5301374621
2354097567
5579439101
3218745271
4874163953
9880047478
3513536355
2203515172
7404872415
4286390167
1212718108
7020417454
9802731816
2393325999
1849515607
8631488065
9437896665
7487712125
2835043144
9605135673
2971210864
2029782456
5698934259
9490454543
1304033494
1223301296
5029347331
9074610688
3419079243
6956812464
5057616417
8716513027
4956120949
7961213720
8837253555
1131784195
4521743409
6620592249
9893242683
7212517262
6934106561
4234827463
9051093066
5911315781
5106123554
2315343715
4480836452
9202945884
3254822274
5712790450
9941573380
5059022342
