5.1
9.98
8.52
8.18
10.27
10.63
10.34
10.77
9.78
10.69
10.54
9.94
9.86
9.21
11.43
10.17
10.88
8.47
8.63
9.34
8.81
9.47
9.03
9.55
9.36
9.68
8.86
10.63
9.63
8.19
9.41
8.06
9.2
8.02
9.37
9.3
7.93
8.26
9.79
4.97
9.0
9.78
9.05
9.51
8.19
8.55
8.39
9.52
6.99
9.23
9.14
8.07
9.48
8.67
9.14
9.14
9.53
8.61
9.06
8.91
8.69
138.95
9.05
6.75
7.31
9.36
7.77
8.26
9.62
8.41
9.93
9.82
9.82
9.7
8.94
9.8
9.74
9.9
7.67
8.31
8.76
6.06
8.81
9.03
8.3
8.9
9.07
7.53
8.43
8.25
8.19
9.34
8.87
9.96
8.85
9.16
8.42
6.02
8.9
10.88
10.87
140.04
11.1
10.06
10.0
10.54
9.42
9.58
8.56
10.32
9.85
9.41
8.53
9.13
9.2
9.23
8.71
8.71
8.42
8.85
9.18
9.72
9.35
9.58
9.8
8.42
9.84
9.73
9.15
9.02
8.91
9.69
9.29
9.44
9.63
9.06
9.29
9.66
9.99
9.15
9.97
9.46
9.19
9.39
9.31
9.34
9.05
10.22
8.46
8.7
9.52
8.6
9.04
4.83
9.27
9.14
8.95
9.0
9.36
9.23
9.24
9.31
9.04
9.29
9.53
7.64
7.7
7.5
10.62
7.67
9.56
10.55
9.73
12.14
9.9
10.54
6.58
8.45
9.6
7.9
7.95
8.59
8.77
8.68
8.95
9.38
8.69
8.86
8.65
8.97
9.21
9.24
9.12
8.72
7.63
7.11
9.45
9.08
9.54
8.78
8.31
9.38
9.04
6.83
8.14
8.33
7.41
8.73
9.96
9.32
8.31
7.96
7.88
9.45
9.94
11.02
381.17
10.39
9.14
8.3
7.1
8.57
7.34
10.14
9.84
7.51
6.85
10.04
7.67
6.76
6.37
6.83
6.37
7.83
7.51
8.2
8.32
6.91
6.12
6.76
9.42
9.63
8.71
8.26
9.85
8.24
9.6
7.98
9.41
9.53
9.0
9.29
9.26
8.2
7.41
9.45
8.79
9.67
91.27
9.0
9.79
9.26
10.23
9.68
10.22
8.36
9.03
8.14
8.68
11.78
10.02
10.8
9.67
9.27
9.63
9.21
10.72
9.55
10.23
9.22
6.35
8.99
9.55
9.08
9.77
9.36
8.99
9.11
10.1
10.28
10.62
9.39
10.07
10.09
11.82
11.4
12.35
9.24
9.45
7.92
6.78
10.6
10.53
9.99
10.15
8.39
9.34
10.62
10.11
7.71
9.54
10.51
10.39
9.22
10.1
9.91
10.1
7.84
10.05
10.0
9.96
10.31
9.82
7.97
9.79
10.47
10.24
9.49
9.74
34.46
10.46
10.41
11.77
10.86
11.84
9.41
10.05
10.19
9.13
9.8
9.47
7.63
9.94
10.14
7.23
8.12
8.2
10.53
10.7
11.06
10.3
10.48
8.84
9.13
10.27
11.06
10.06
8.99
10.08
9.46
9.98
9.74
10.04
9.87
10.56
9.95
10.08
9.24
10.25
8.33
8.57
6.98
9.94
7.91
10.23
10.01
9.54
9.81
9.74
10.01
8.38
9.3
9.04
9.6
10.07
9.73
10.43
9.29
8.4
10.15
8.92
9.86
10.0
9.92
9.58
10.56
10.48
8.98
9.69
7.4
10.6
9.77
10.35
6.87
8.28
10.23
6.94
10.06
7.94
10.26
9.55
9.52
9.75
9.8
9.67
10.2
9.31
10.73
10.42
9.74
10.56
10.46
9.94
10.7
9.4
9.9
10.34
10.27
10.16
9.03
10.7
10.15
10.1
9.82
10.25
10.33
9.91
9.83
10.5
10.44
10.11
10.71
9.9
7.35
10.38
10.3
10.76
11.06
10.54
10.23
10.21
10.03
10.58
9.86
9.29
8.24
9.58
11.58
11.69
12.08
10.09
11.92
11.12
11.71
11.47
12.54
9.59
12.14
10.27
10.2
10.41
10.35
9.38
9.26
9.39
9.93
9.15
8.28
11.01
11.19
11.36
10.61
11.44
11.65
11.3
8.17
10.46
10.74
9.75
9.48
10.18
10.16
11.61
11.83
10.75
11.31
11.11
9.46
10.2
10.63
6.41
10.59
7.66
10.84
6.68
9.75
10.46
8.35
10.67
7.21
9.94
10.04
9.61
10.7
6.86
6.79
7.64
11.36
8.04
10.77
7.85
135.26
9.0
10.23
8.6
7.85
10.4
8.6
6.82
7.88
9.25
10.19
10.17
9.32
9.81
12.08
11.27
11.95
10.52
7.96
10.31
12.23
11.8
13.19
9.81
8.84
8.16
10.36
12.59
11.82
12.3
12.7
10.81
11.64
9.79
6.39
7.94
10.09
10.07
9.24
10.24
9.65
9.02
9.68
10.29
9.84
10.29
8.67
10.17
5.56
10.11
10.09
9.84
8.55
8.69
10.12
10.0
9.73
139.93
9.53
8.78
9.6
7.59
138.98
9.26
8.56
9.94
7.61
7.82
11.02
10.1
8.47
6.21
8.95
9.95
9.4
9.97
8.82
9.16
7.88
8.75
6.43
7.1
7.62
6.51
8.69
7.76
6.95
7.08
9.9
9.84
9.59
8.88
9.6
9.6
9.1
9.98
10.15
7.79
6.72
6.52
9.76
9.83
10.45
10.51
10.23
9.56
10.0
9.33
9.02
9.33
8.84
9.44
10.05
10.27
10.0
10.12
9.72
9.41
9.86
9.45
9.91
9.48
10.09
9.2
10.17
9.97
9.49
8.68
9.65
10.05
9.88
9.68
10.13
9.24
10.08
9.94
10.06
8.97
10.08
8.32
9.51
9.83
8.73
7.8
8.21
7.52
7.46
7.41
10.72
8.96
9.61
10.33
9.57
9.86
9.2
10.16
10.1
9.99
9.61
9.42
9.97
10.23
10.14
10.08
9.77
10.35
10.08
9.71
9.57
9.73
9.51
9.59
7.73
10.1
9.27
9.73
10.24
9.15
10.22
9.08
7.9
8.16
10.14
8.78
10.01
9.58
11.05
10.11
10.19
9.62
10.2
10.13
10.07
10.81
10.14
9.67
9.55
10.15
9.66
9.75
9.89
10.13
9.4
9.9
10.07
10.15
9.52
9.94
9.66
8.33
10.01
9.19
10.0
9.56
10.12
9.71
10.02
10.15
9.69
7.35
10.23
9.76
9.32
9.16
10.15
10.24
10.07
9.07
10.13
9.71
9.61
9.43
9.94
9.57
9.79
9.65
9.5
9.44
9.22
9.45
9.7
8.33
9.37
9.68
172.79
9.54
10.17
9.24
6.95
7.92
7.24
8.44
10.32
141.89
11.72
11.25
10.57
11.16
11.25
9.36
10.06
11.51
9.97
10.79
10.23
9.13
9.89
9.7
12.98
9.52
9.92
8.41
7.57
7.59
8.6
6.4
9.7
9.99
9.88
10.48
10.81
10.18
8.4
9.87
10.53
9.39
10.53
10.81
137.76
5.8
9.89
10.18
10.37
9.13
8.94
9.79
10.81
7.78
7.49
8.17
7.86
10.09
10.46
10.09
9.32
10.57
9.52
9.59
10.26
6.6
9.78
9.82
10.2
12.15
9.29
9.83
9.56
9.98
10.09
9.69
9.53
9.95
9.56
9.93
9.55
9.44
8.29
7.9
8.49
7.22
8.75
8.09
8.18
7.77
6.42
8.58
9.72
9.65
9.89
9.27
10.14
9.87
8.06
9.77
9.49
9.68
9.61
9.07
9.35
8.78
9.57
9.8
9.98
10.17
10.34
9.72
9.92
9.31
9.36
8.3
9.37
9.47
9.28
10.29
9.44
9.36
9.17
8.78
139.17
9.29
6.62
9.15
8.98
9.05
9.12
9.1
9.24
9.32
8.72
9.37
139.68
8.69
8.9
8.55
8.81
8.38
8.85
10.23
9.3
9.87
10.2
8.68
9.09
8.76
9.2
9.45
9.95
10.24
9.82
9.57
5.64
7.44
7.35
7.52
9.63
6.91
6.9
10.63
9.36
10.17
10.18
9.71
9.99
10.56
9.94
9.02
8.79
8.99
9.69
10.27
8.83
10.11
10.7
10.14
9.15
10.04
6.62
6.28
6.74
7.87
10.27
10.03
10.04
9.91
10.04
9.54
11.45
10.06
11.38
10.77
12.81
11.05
11.18
11.42
11.1
10.71
10.61
10.67
10.93
11.58
13.03
10.06
11.27
11.62
9.53
11.42
11.46
10.57
10.68
10.97
11.3
10.73
11.47
11.04
9.02
11.03
11.55
10.85
10.29
10.77
11.01
11.49
12.16
10.72
7.8
10.88
11.15
10.44
9.9
