29.29
25.23
26.01
23.7
26.63
24.34
30.28
26.37
30.82
31.07
20.72
20.31
24.64
21.24
21.15
18.58
29.18
31.14
30.55
31.26
32.26
26.39
25.35
29.59
30.28
30.56
20.97
31.5
29.45
23.83
28.83
28.86
25.65
31.32
28.63
31.88
30.36
26.71
23.71
24.48
26.06
27.74
27.56
30.63
27.95
31.59
26.25
28.32
28.31
25.65
27.17
27.15
28.82
27.5
25.96
25.44
30.0
30.44
25.87
26.78
30.7
162.25
31.61
28.26
28.38
27.76
26.99
31.27
27.38
31.04
26.41
23.63
27.14
24.77
30.36
24.83
32.17
30.35
24.43
28.06
30.85
29.74
25.68
24.98
21.89
23.03
30.04
31.84
23.3
27.27
30.36
28.74
28.8
23.78
32.41
29.89
29.21
27.13
30.17
28.65
33.11
27.75
31.29
26.11
26.59
28.67
30.68
28.03
31.67
30.84
32.19
21.97
26.19
26.93
27.31
27.61
27.79
27.8
27.59
29.28
29.09
29.0
26.85
25.65
29.22
21.94
23.75
29.72
30.09
26.79
32.01
23.6
29.56
30.95
30.13
29.48
31.77
26.98
31.34
28.74
27.83
28.48
27.01
28.58
28.52
26.43
22.82
30.92
25.25
30.11
25.02
30.54
27.71
28.83
27.14
30.56
24.99
30.75
26.74
27.53
29.13
27.37
23.6
28.95
31.36
29.99
32.26
32.91
31.01
31.95
27.39
25.23
28.96
30.96
28.87
31.76
30.57
28.43
29.65
30.9
23.57
28.31
22.82
23.35
32.24
29.95
24.12
28.22
28.65
31.63
28.29
31.0
18.6
20.79
27.2
28.18
30.88
26.79
32.17
28.11
26.89
28.04
32.15
31.31
30.34
30.87
26.26
28.18
27.09
29.59
23.81
28.85
29.75
27.46
29.61
30.7
509.11
29.17
28.21
28.86
29.91
30.65
31.04
29.5
27.41
19.17
21.38
17.96
20.88
23.3
26.83
20.44
24.67
31.42
30.2
20.83
25.89
25.4
28.69
18.15
29.91
28.89
28.97
22.73
28.46
24.74
28.11
29.91
30.46
26.36
22.74
30.45
27.94
22.55
31.43
19.91
27.69
26.89
115.88
25.17
30.18
30.61
31.04
26.24
27.58
31.01
30.85
28.68
29.76
21.15
30.99
26.22
29.21
26.57
26.4
25.86
25.83
24.73
27.36
28.85
28.19
29.54
26.58
30.86
31.36
31.05
26.25
22.13
27.35
26.34
29.39
30.59
21.45
29.16
30.64
30.13
29.12
28.67
30.24
29.47
28.37
32.26
31.12
23.85
30.19
29.65
30.47
23.32
29.4
29.49
29.82
30.77
26.32
26.11
29.9
26.15
27.0
25.4
20.88
21.37
25.63
24.07
23.52
23.76
18.66
26.5
19.12
24.06
25.61
44.42
21.89
26.43
27.75
21.86
28.15
25.14
27.44
26.84
25.77
18.99
28.65
27.08
30.76
24.94
26.45
28.18
29.14
31.01
23.44
25.33
24.21
27.54
25.57
26.36
25.96
27.66
29.5
29.93
20.39
31.69
27.17
26.86
32.06
30.27
28.79
29.58
30.43
33.43
27.53
30.8
32.04
28.52
30.01
24.42
27.69
27.84
29.11
29.25
35.0
29.89
33.44
30.57
29.1
29.68
19.66
23.55
32.04
28.75
29.23
27.2
25.58
30.69
22.73
25.72
30.07
25.02
30.09
30.66
30.73
30.71
31.61
28.39
29.34
32.13
28.24
25.52
29.64
24.72
30.62
28.14
27.34
27.5
25.92
30.78
28.38
22.94
20.57
26.43
23.13
27.68
28.94
28.61
29.01
24.25
27.66
24.43
29.74
25.68
32.06
30.86
25.23
32.45
28.46
30.83
31.02
31.38
30.89
27.81
27.49
30.98
30.29
28.65
29.54
26.32
29.37
20.91
28.69
30.46
31.51
27.82
30.81
30.89
31.17
29.68
30.22
30.39
29.44
30.61
30.86
29.71
30.49
28.81
29.81
22.63
23.36
29.58
26.4
28.93
27.53
24.05
25.19
23.16
29.39
29.21
30.75
28.22
29.7
28.87
29.82
25.97
28.5
23.06
27.59
30.02
27.18
22.85
26.99
30.25
29.16
28.23
23.88
27.52
28.87
31.2
23.92
28.67
19.69
18.39
26.39
30.37
23.34
26.38
30.62
31.77
22.3
26.67
27.67
28.12
27.53
27.71
28.45
29.58
29.71
17.53
24.55
17.62
27.62
29.4
31.19
31.95
30.27
26.67
30.89
28.2
19.25
30.11
32.24
27.58
29.46
24.69
30.82
28.53
26.26
35.89
29.91
31.45
31.6
33.79
31.99
33.2
30.39
30.86
29.24
29.1
27.69
32.24
29.02
31.54
32.7
30.0
31.27
31.46
30.35
30.53
30.34
28.61
29.16
28.4
31.07
27.69
31.17
28.94
33.21
28.7
32.14
33.34
25.96
30.71
29.97
28.72
27.87
27.88
29.18
28.18
29.51
21.54
24.73
25.58
168.01
30.88
28.34
30.52
30.99
30.92
25.34
27.16
24.9
24.74
28.49
30.41
23.25
28.12
32.35
26.83
27.63
31.27
30.65
31.08
30.94
31.99
24.98
26.77
28.66
25.28
23.3
26.49
25.42
25.71
25.2
25.27
25.38
31.52
23.58
25.11
24.07
25.79
27.19
30.25
30.77
29.07
24.66
23.79
30.81
26.18
27.54
18.48
26.1
31.82
27.07
31.76
30.21
31.37
22.38
29.9
27.66
26.6
26.42
27.45
28.57
31.12
30.06
21.47
19.8
29.51
27.9
30.69
26.73
28.2
30.62
27.56
25.06
25.77
31.2
19.57
25.64
30.29
25.26
29.17
28.61
26.86
23.09
25.12
26.4
30.34
24.35
28.12
27.21
27.59
23.64
26.64
21.01
21.84
25.42
24.01
25.29
22.98
19.97
20.98
28.32
25.94
33.93
29.96
33.47
31.75
28.84
27.6
22.02
26.05
23.19
31.02
28.71
25.8
29.69
26.21
28.41
31.54
31.58
27.57
28.13
28.11
28.37
26.95
31.41
25.47
27.9
31.31
27.99
28.98
30.86
29.06
20.48
26.28
26.05
20.38
22.2
26.7
25.17
24.61
24.37
28.16
25.27
27.21
26.85
26.64
23.68
23.16
27.16
28.68
25.81
29.81
26.19
29.71
26.39
30.89
27.73
19.6
26.78
30.31
26.91
27.59
27.49
30.0
30.72
22.51
24.6
30.59
31.84
24.5
22.91
30.37
20.66
25.32
22.4
28.59
22.52
27.86
28.28
27.83
21.2
27.28
27.2
21.14
26.96
26.42
25.98
28.05
22.18
26.35
31.07
31.18
31.21
30.99
26.76
30.4
30.09
26.16
25.65
25.43
29.45
30.02
26.26
30.7
29.74
32.3
31.11
28.67
31.84
31.3
28.45
29.81
27.07
29.16
22.53
30.09
27.0
24.84
27.75
30.39
26.54
27.74
26.24
23.37
24.23
30.95
31.04
27.77
29.97
27.09
30.46
30.26
28.32
27.86
28.03
21.77
19.35
24.69
32.22
28.14
31.85
21.61
26.9
27.22
24.07
26.5
27.36
31.46
25.24
23.98
24.8
29.97
30.65
29.64
31.99
31.73
30.81
24.1
26.36
25.46
28.72
23.21
33.12
30.4
34.33
27.74
24.96
26.6
34.06
30.81
18.5
25.91
28.65
27.46
29.56
29.69
31.27
25.93
22.88
23.87
23.28
29.16
32.48
30.29
25.47
27.27
29.5
29.5
28.09
30.9
30.51
30.87
22.76
22.51
25.22
24.52
29.85
27.13
29.02
27.72
25.08
30.62
32.11
29.89
29.19
29.26
29.12
27.76
31.22
29.79
29.47
27.3
29.92
26.93
26.21
23.22
28.31
30.05
29.52
29.27
29.87
24.58
25.29
27.15
25.43
30.62
27.76
27.21
30.72
27.31
27.26
28.05
23.69
23.66
27.81
24.34
18.7
27.34
24.62
30.45
29.06
28.68
20.89
26.89
26.92
31.09
30.93
29.75
31.67
31.31
31.8
32.03
29.72
28.59
28.25
30.19
30.02
27.7
25.18
26.8
30.16
27.77
27.86
28.37
29.37
31.87
30.84
22.97
30.67
31.3
29.42
29.97
31.11
26.35
29.62
24.66
28.24
25.73
24.65
23.52
20.9
20.16
21.78
20.83
20.93
20.84
28.73
30.79
23.85
29.44
31.8
30.91
31.5
28.81
30.68
26.76
25.53
24.96
31.84
31.6
30.41
31.04
30.09
30.93
29.77
28.86
30.83
31.34
31.66
28.9
26.16
26.68
30.93
30.26
30.96
28.13
29.68
23.86
27.29
22.59
29.16
28.1
