25.42
30.98
32888.98
28.55
27.95
27.86
29.2
30.48
30.81
20.24
30.92
29.35
3526.21
28.78
31003.57
32.51
29.46
33764.13
34266.12
28.88
31.96
511.23
19486.85
28.14
28.26
21.73
30.28
25.78
21.16
28.55
12723.24
28.37
21.48
23.24
23.61
41684.56
28.57
25.63
28.07
29.71
112.47
27.3
77.68
30.18
27.47
28.68
31.61
9007.29
33.28
31.71
31.32
11516.91
29.21
30.94
32.04
27.12
26.85
25.07
30.37
29.23
2817.55
34109.47
32.31
692.37
27.25
2581.68
30371.1
32.14
25.33
23.4
46.01
30.12
143.27
31.93
27.82
33.98
34.53
32.92
36.56
32.34
725.86
32.59
30.86
25.35
23.85
15965.49
24.93
116.46
1089.15
54.1
29.83
5447.33
2509.81
27.02
36.07
30.78
29.86
30.24
28.97
19.85
1341.06
30.12
30.29
22.24
27.72
21.01
24.47
36346.92
27.49
27.32
3776.21
19.56
30.06
31.49
86.85
30.67
736.15
23.9
1491.35
29.32
27.24
25.93
28.73
30.3
31.1
29.53
527.15
26.98
28.74
2106.56
32.51
1966.14
28.97
37538.03
27.44
664.43
24.04
2855.45
28.17
9281.06
25.64
28.99
30.79
29.55
29.93
27.34
31.44
25.72
947.41
26.35
29.89
26.71
29.58
7893.78
27.4
31.97
30.79
27.81
27.16
30.59
30.54
27.56
5788.09
2782.71
30.65
656.56
31.94
33.53
2319.66
16809.45
26.92
24.37
24.76
24.63
24.52
24.45
24.1
23.83
427.58
20.88
62.93
22.56
17.91
960.02
22.73
25.14
18.77
1917.84
271.53
22.98
24.95
24.45
27.77
24.83
24.27
24.02
2642.66
29.49
18.46
24.18
23.36
3995.79
24.03
10586.11
28.96
30.03
23.72
34.26
25.87
2367.99
24.3
496.32
27.8
897.72
29.94
29.56
30.2
24.96
28.6
29.28
26.06
26.63
30.71
27.64
36.83
24.54
45.29
31.01
2513.87
27.97
26.51
30.76
30.43
29.63
29.04
32628.34
23.32
30.02
12233.59
19.93
26.43
27.22
1210.42
25.3
5607.74
27.01
30.22
52.81
28.99
29.5
26.54
4897.1
29.95
6478.36
28.48
26.42
27.28
4010.81
24.77
24.67
24.6
26249.67
30.8
10316.83
26.37
22.03
29.03
27.45
27.48
1448.48
28.13
29.74
24.57
15196.96
28.04
30.9
25.44
27.79
4871.92
24.5
296.85
27.93
145.67
33856.36
29.43
29.48
1044.48
1374.39
29.42
30.54
31.35
29.45
30.49
30.49
30.39
29.04
29.48
382.28
5379.6
29.65
28.92
28.73
28.22
28.68
27.49
2804.46
23.14
31.8
28.29
20.05
5911.12
23.37
1331.59
32.89
20.41
23078.93
28.42
34.44
31.89
25.72
2759.24
19534.89
24.69
25.37
26.12
24.27
28.64
28.81
13382.2
417.81
30.76
32.97
30.13
31.67
29.11
23.82
21.97
22.11
23.75
24.29
25.38
27.97
21.76
23.96
20514.83
26.73
20.94
23.93
28.88
28.95
28.14
103.65
24.52
1213.65
30.59
22.24
28.13
966.24
27.48
20.9
31.39
30.33
7535.52
30.12
125.47
71.47
29.85
28.15
28.54
28.63
30.03
49059.09
32.77
35.1
8838.41
2182.34
424.06
27591.92
27.64
3653.7
29.54
14047.92
29.57
27.0
2859.2
26.71
332.49
24.9
21.2
11175.42
15.79
28.63
29.13
24.54
28.08
27.57
150.19
28.6
26.85
27.09
26.73
23.82
21.05
26.47
25.04
5732.5
501.3
27.41
24.18
30087.77
28.69
25.07
26.57
25.66
28.95
24.28
19.09
213.15
19.23
11436.92
27.29
26.29
28.86
278.7
28.18
19.99
28.68
26.71
26.81
33.04
16.68
27.72
607.63
1741.7
23.93
30.09
27.41
28.79
29.93
22.63
319.0
25.94
93.53
27.18
30.39
26.52
22.93
21.2
25.11
51.96
44.61
24.12
17.15
29.5
27.4
30.82
24006.24
28.48
28.78
31.44
24.77
27.57
29.22
30.72
30.55
296.37
43.43
30.68
29.96
30.01
31.95
40.27
29.45
32.18
6169.27
32.76
29.77
28.99
1169.31
31.93
40853.07
31.87
129.16
30.82
31.86
30.74
29.41
24.4
29.14
2467.98
21.75
29.3
26.89
24.31
20.45
28.45
38887.42
22.93
21.83
22.77
20.86
24.38
26.06
27.42
142.87
32617.79
29.9
29550.41
27.6
30.49
287.34
28.21
28.22
25.7
30.51
27.62
6061.81
26.43
262.16
2157.65
30.61
30.07
2639.62
76.46
25.03
27.84
30.63
31.06
28.13
29.0
27405.96
30.78
14552.14
39.38
27.05
8583.2
22.97
24.72
29.71
23.27
25.46
24.81
24.7
679.17
22.85
29.37
31.49
23.34
567.17
4476.49
28.52
32.01
106.06
24.92
9330.13
26.38
41310.76
179.52
934.74
23.71
46.45
28.63
27.36
24.19
20.06
21.64
20.39
23.82
24.07
932.06
394.24
20.46
17.89
25.78
30.68
27.9
31.84
30.91
31.29
30.02
30.14
30.16
30.33
30.15
12318.78
29.0
42.56
37.51
1820.26
26.91
27.36
29.32
27.91
37563.32
22.52
36.95
27.35
26.63
28.0
28.0
25.64
24.41
27.12
26.55
25.51
36.55
29.68
30.12
35217.85
26.81
274.96
142.95
352.81
19.75
23615.39
3796.03
30.54
2086.69
24.62
28.89
6612.54
30.06
25.48
21.02
714.9
50.05
26.75
29.78
28.62
27.73
29.38
31.1
441.58
29.76
27.09
30.51
30.24
49.78
33396.56
24.42
30.55
21.91
26.15
23.39
20.75
23.95
21.95
1270.59
25.01
458.15
27.53
10638.16
397.7
29.18
28.07
20.1
31.11
263.33
29.06
30.5
42574.22
119.36
18406.43
5380.3
24.07
26.74
21.27
134.06
23.36
23.39
19.19
27.62
25943.78
25.64
27.49
29.83
29.55
990.65
26.56
9718.82
20.3
29.13
15032.14
29.55
29.32
2326.04
30.1
27.1
471.74
169.01
27.19
2640.17
27.14
20463.26
80.16
3134.69
443.62
2218.54
328.31
24.99
25.78
14495.48
25.52
26.4
30.38
24.73
29.23
30.5
30.52
29.05
27.78
27.12
28.7
3400.28
27.2
22.39
27423.32
19.23
24.81
2024.93
27.84
26.5
21.13
48470.82
28.5
29.09
33021.45
28.56
27.03
52.91
26.33
22.51
1104.59
27.72
1945.38
20353.46
22.65
22.05
25.04
25.74
46.15
25.22
28.08
25.61
26.2
21.0
24.18
25.76
25.01
23.24
19.11
30.52
142.28
24.97
31.96
10378.72
7586.94
23.15
27.8
323.7
25321.76
24.8
71.3
23.54
25.8
4723.54
24.51
30.5
31.71
30.38
29.59
23.28
26.76
66.46
23.02
30.19
25.93
28.08
19.85
24.4
27.18
3293.84
26.74
21.48
27538.95
30.06
5459.97
29.94
32.57
31.35
88.69
30.18
2770.07
27.63
33.0
31.0
32.17
29.89
33.91
632.11
1119.11
30.05
31.29
32.65
28.99
268.27
13020.43
28.4
27.44
318.43
28.63
59.22
31.47
29.75
26.34
30.65
23.04
28283.54
40.7
31.52
32.27
29.9
32.11
32.83
33.18
33.17
31.99
29.78
469.17
25.29
28.91
44.04
14058.79
29.29
30.53
30.85
31.36
18546.32
33.17
32.96
30.97
28.77
27.96
9303.33
29.33
30.78
28.06
27.39
26.66
6976.71
51.68
1710.84
5582.25
28.71
29.25
9773.09
23.97
25.77
6974.48
37.2
29.66
4129.55
26.34
26.02
29.2
29.47
28.51
24.37
24.59
20.22
6863.13
31.13
30.92
29.98
38.95
26.07
31.34
26.83
1762.47
30.42
3136.66
27.78
29.75
29.42
27.93
31.32
25.57
1586.58
37894.06
24.47
107.88
21.93
30.48
30.35
29.75
6843.55
24.52
30.28
31.59
27.94
25.56
23.0
3040.53
21.7
29.72
26.2
27.61
24002.2
29311.86
28.76
30.04
9773.34
21933.58
23.26
27.47
27.79
12168.98
28.75
30.72
29.55
29.82
325.27
1800.54
28.54
28.76
32.37
27.77
24.18
25.64
30.78
2251.77
34.83
3379.52
27.19
26.63
14657.72
27.99
29.53
20.48
21.35
28.89
175.25
29.79
24.05
30.14
22.83
4803.78
44925.69
22.89
24.89
27.35
25.34
24.51
25.81
26.7
567.45
22.48
1004.05
25.96
26.44
22.8
22466.08
24.06
21.92
8876.06
25.47
28.03
26.76
90.66
28.92
29.25
23.32
30.56
23.93
1712.75
14069.54
38.87
29.54
29.74
20.52
3688.14
14490.64
29.88
23.51
31.21
4484.99
24.29
82.27
25.98
27.58
5194.76
12455.98
21.17
25.76
28.34
26.98
13655.48
20.65
24.64
28.51
