8590435716 | 4.8643248081207275
1227166283 | 0.8252658843994141
8168074061 | 25.159444093704224
9740050613 | 17.62646222114563
4614584967 | 16.525752544403076
7420866566 | 11.129304647445679
4727926529 | 12.407154083251953
3260668885 | 11.975260257720947
5976592574 | 15.117260456085205
2005692820 | 11.939359426498413
9598389647 | 20.317558765411377
7294466731 | 19.19264268875122
7930438977 | 16.4474515914917
9420670502 | 14.625424861907959
9862647034 | 31.527669668197632
9092448339 | 11.536484718322754
8753920432 | 11.094831943511963
3896408175 | 17.97381353378296
2256283739 | 24.212076425552368
9120174271 | 0.40608787536621094
4214986140 | 26.584447383880615
7278844953 | 4.858588218688965
7846522537 | 17.144296407699585
9342031632 | 0.4018847942352295
1910466356 | 0.4051990509033203
7720188274 | 0.3763573169708252
6550160573 | 0.3959643840789795
6651988196 | 9.519614458084106
4007281015 | 3.4397997856140137
2057531215 | 0.39359235763549805
6364112923 | 12.319062948226929
3327534717 | 10.120705127716064
7397720417 | 4.1531982421875
8295835445 | 4.26038122177124
3754855832 | 0.42763566970825195
7619657339 | 33.554627418518066
9082661780 | 0.6386580467224121
5034581839 | 12.815436124801636
6300436414 | 0.41580939292907715
9433893473 | 10.450866460800171
5813479921 | 14.742388725280762
3711077811 | 27.965672492980957
6605868351 | 17.4990451335907
8646658614 | 16.429386854171753
3190522637 | 6.362714767456055
5495838529 | 19.271873950958252
6664963056 | 10.533193588256836
6696717585 | 8.696016788482666
1152607101 | 11.677387475967407
7202498076 | 24.909533977508545
5193079300 | 12.165338277816772
4434580331 | 11.662825107574463
2924229171 | 0.6655290126800537
3393411198 | 2.964101552963257
1583454438 | 8.889919757843018
2709712306 | 4.202748775482178
5088587008 | 17.768536806106567
7943586505 | 12.761767387390137
7848774323 | 12.397284030914307
6450517559 | 13.818494081497192
4189028407 | 10.559738636016846
8400204100 | 15.102205276489258
8069433222 | 4.170661687850952
4273294649 | 15.362971067428589
8426994826 | 11.10145902633667
1480418501 | 13.148967742919922
2848524416 | 9.005581855773926
8613872516 | 17.200974702835083
7255340758 | 13.944016933441162
2094227116 | 16.162248134613037
1071572027 | 11.396909236907959
8013716120 | 4.2288877964019775
8142360996 | 11.930951118469238
6790249946 | 18.13654613494873
3339313896 | 11.298911809921265
9081352446 | 12.740204811096191
2494219771 | 16.327223777770996
2042426881 | 8.320026397705078
1138528287 | 25.121187448501587
8685651403 | 0.40250277519226074
4197674308 | 0.4048151969909668
3781474985 | 17.812824726104736
1937399815 | 17.014853715896606
6021097031 | 0.40053653717041016
7886092057 | 0.3968055248260498
1598298377 | 11.033880233764648
6459415411 | 18.126878023147583
8506186853 | 6.263027667999268
4157364253 | 308.7572863101959
2263055064 | 12.167712926864624
4220328030 | 10.587106704711914
4985674336 | 16.878506183624268
5903508391 | 17.630225896835327
8983451482 | 0.41092658042907715
4099909525 | 10.76559853553772
4804379831 | 12.167229175567627
9917753009 | 9.78173828125
3176557985 | 19.387147903442383
2308253161 | 4.258297443389893
3482374018 | 0.6132690906524658
8603306424 | 14.962036371231079
9550336141 | 4.408728122711182
8182540516 | 31.797443151474
5972787797 | 13.117956399917603
4080704009 | 18.061971187591553
8152522383 | 10.204520225524902
5486364261 | 0.42181873321533203
9883395900 | 1.8212788105010986
3783423461 | 20.020158052444458
9483190748 | 0.6136782169342041
3236318223 | 4.169021129608154
7335121154 | 28.318054676055908
4327539309 | 6.865800380706787
9681978054 | 0.39433908462524414
5384962159 | 10.573692321777344
2569994468 | 3.687326669692993
2293097533 | 0.4181652069091797
1736313524 | 19.782312393188477
5694304209 | 7.57087779045105
6616071988 | 0.4114522933959961
3922310880 | 12.148355722427368
1378251450 | 13.251710891723633
2215554453 | 0.4527721405029297
9499745756 | 4.1808013916015625
6672499480 | 11.14880919456482
7754189780 | 3.835355043411255
9155764802 | 0.3998749256134033
6247657077 | 4.07449746131897
1288747875 | 0.4056105613708496
4271176202 | 0.3802757263183594
5371080521 | 13.25813603401184
2864243082 | 17.041017770767212
7511579328 | 0.4374523162841797
9534458380 | 0.4055960178375244
9628150648 | 0.4371013641357422
6588196360 | 0.4431917667388916
9518632354 | 0.36084437370300293
3912991793 | 0.6191527843475342
5053147493 | 5.990128993988037
2926877246 | 22.399660110473633
8529390481 | 0.4121980667114258
6579667770 | 21.353734493255615
9531611396 | 17.726688861846924
8323432716 | 16.65374517440796
8259595798 | 26.5589382648468
5141918034 | 0.43030762672424316
5202221632 | 35.332836389541626
8928023736 | 13.050196409225464
8701193129 | 0.4199244976043701
9153512792 | 9.886160612106323
8529797247 | 0.4092559814453125
7868476269 | 12.719133615493774
3400904260 | 27.30411958694458
9775347347 | 12.347417831420898
4439213620 | 7.071147203445435
4932561297 | 16.097464084625244
6701389133 | 3.1061649322509766
9185742411 | 20.65721035003662
3561348271 | 0.4014708995819092
7354448087 | 1.3862669467926025
7545528913 | 14.813167095184326
1759214617 | 13.765240669250488
8388331185 | 18.266932249069214
8767738495 | 17.709357500076294
1790856069 | 12.995249032974243
4337608644 | 25.343917846679688
9823467526 | 0.4128880500793457
7414560594 | 31.080643892288208
2972309073 | 15.284060716629028
8820183822 | 16.770557403564453
6603679840 | 15.711151123046875
3869547227 | 12.688554763793945
4519786621 | 14.994706630706787
8151932674 | 12.057278871536255
1056502431 | 6.554762601852417
6876318699 | 30.797652006149292
4775977913 | 0.6749255657196045
7406875966 | 6.665457248687744
7832899920 | 4.222694396972656
6368339021 | 9.091703653335571
3402698258 | 12.098670482635498
8939813340 | 17.77077054977417
4062798336 | 20.76956868171692
2176846041 | 8.287253141403198
3467168808 | 6.446476936340332
9044859814 | 23.817083835601807
3718513776 | 0.4264404773712158
3923537229 | 6.842334747314453
7649452707 | 10.691371202468872
5968148048 | 19.570372581481934
7385053674 | 26.858386754989624
1479022548 | 11.071049928665161
2673375982 | 18.56224274635315
2799255621 | 4.089761257171631
6280077040 | 13.360658407211304
1680175682 | 0.38579630851745605
1130693885 | 18.07162308692932
5825170138 | 10.57665753364563
7509076718 | 9.054284572601318
5366643140 | 17.344200611114502
5523250814 | 4.136998891830444
4873865134 | 7.808147192001343
1719302223 | 7.442639112472534
7160059996 | 4.251263856887817
7656859807 | 16.734869718551636
8987812828 | 15.651716709136963
4837790877 | 4.096972465515137
2285395362 | 11.056224584579468
3046333517 | 0.417191743850708
5318088380 | 0.38425493240356445
4900092721 | 10.01629638671875
4453270944 | 19.81573724746704
3807569718 | 0.5815560817718506
5254494422 | 0.39511966705322266
1896856156 | 0.4127678871154785
6514163966 | 23.863706827163696
6991454406 | 0.5853118896484375
3084848002 | 0.4101102352142334
2618737548 | 0.4101588726043701
3049206861 | 14.149110794067383
5910216215 | 9.562827110290527
5301932725 | 6.065149307250977
8360189501 | 8.512516498565674
5802638873 | 9.787868738174438
4876065205 | 89.00885820388794
4294755544 | 14.263142347335815
3097214036 | 0.40489673614501953
5467477317 | 8.065844058990479
8539716559 | 9.690988540649414
3253474467 | 11.616291046142578
2468871045 | 9.777596950531006
4858734961 | 13.506061553955078
1578574044 | 4.111883640289307
9307051722 | 9.665018081665039
7680812753 | 34.40158987045288
9891135062 | 14.015501260757446
9382973465 | 0.42301011085510254
5728336581 | 16.522950172424316
2471183506 | 0.418118953704834
8134890955 | 0.4312624931335449
5272571235 | 7.698636293411255
7137578372 | 0.40341949462890625
2384509239 | 0.623401403427124
1291400348 | 41.76125383377075
2637109530 | 4.607758283615112
7549110148 | 10.995050191879272
1126859164 | 0.40954089164733887
6377121557 | 12.07039761543274
5566979934 | 23.671891450881958
9692613014 | 12.060925245285034
4191407595 | 3.4854860305786133
9342491881 | 18.97376799583435
2105366574 | 0.3851609230041504
8201727239 | 5.400075674057007
9866591427 | 0.394183874130249
3355778066 | 33.631444215774536
9278369010 | 54.495155334472656
8139464768 | 4.049903154373169
4012792989 | 0.42346954345703125
8748420034 | 0.4089193344116211
3594532697 | 0.4252195358276367
6396523177 | 0.6057076454162598
7858658002 | 8.613693714141846
4992983158 | 18.020305156707764
3004057820 | 13.546040534973145
3972197186 | 0.43436574935913086
3478942783 | 10.077388763427734
7989518939 | 0.4087650775909424
8759463788 | 19.811208486557007
7568233006 | 0.44895291328430176
5717437328 | 9.446139574050903
3797898631 | 0.3925621509552002
1688461735 | 8.891024112701416
2922573277 | 28.158740758895874
7601531144 | 0.38809943199157715
3654790551 | 18.392054080963135
8703059732 | 11.254269361495972
3986326389 | 0.40949225425720215
2840919636 | 0.42355847358703613
1658493154 | 7.471466779708862
9417324238 | 19.588053941726685
9770896943 | 0.40441203117370605
4180926186 | 0.5804803371429443
4072484754 | 18.5518901348114
5633083098 | 21.22853922843933
3690884900 | 0.5900342464447021
9071358810 | 13.05610704421997
7546620358 | 0.5911271572113037
1151602272 | 0.41820192337036133
9399317642 | 4.473192453384399
3943574235 | 0.4004936218261719
8181346641 | 30.986517906188965
1418035464 | 16.627410650253296
8998353184 | 2.884861946105957
9161016406 | 0.4438495635986328
7121961777 | 17.911112308502197
1308415882 | 0.41327786445617676
9577101970 | 0.43433284759521484
2103640986 | 0.41899847984313965
1898351631 | 16.4247043132782
5786560454 | 13.407559871673584
6223764681 | 4.266148805618286
6316674625 | 6.9754393100738525
8491809632 | 8.26982307434082
2670246123 | 9.145814418792725
6377045415 | 0.39373302459716797
1683435797 | 6.39631986618042
8102785034 | 7.532762050628662
6780421090 | 22.322602033615112
8040320497 | 0.400982141494751
5253133322 | 14.53125
9935480937 | 0.38866233825683594
9844883820 | 29.355331659317017
6303225573 | 0.4233283996582031
7724961120 | 9.448348760604858
7824161571 | 29.72062587738037
4774337340 | 10.376387596130371
8161576859 | 0.42649078369140625
8439345456 | 12.143923044204712
2537322121 | 18.497694969177246
8726901441 | 0.4289975166320801
5785473695 | 0.3920292854309082
8605646769 | 9.656554937362671
2130720246 | 19.34356141090393
6809933974 | 3.5185329914093018
9507785586 | 9.47902798652649
9769754670 | 9.507511377334595
5718802025 | 24.839006900787354
7608644649 | 13.215451002120972
1077447253 | 11.292657852172852
9959789009 | 17.672675848007202
3334457512 | 3.4775028228759766
4213152676 | 4.84274959564209
8512989802 | 9.864210844039917
4160710051 | 17.949768781661987
1150622145 | 11.218116521835327
2014767187 | 34.31992721557617
6268226270 | 4.1269001960754395
3907102088 | 0.5917997360229492
3095617106 | 16.528351545333862
1639221071 | 0.4232978820800781
4720179773 | 13.945311784744263
8756147363 | 22.11962103843689
4312030537 | 21.157707929611206
4380062041 | 10.062097549438477
5107252196 | 22.08115291595459
6309675703 | 14.781734466552734
1155570610 | 7.5076634883880615
9902486229 | 5.300131797790527
9817684038 | 6.702455043792725
6533027417 | 12.758772373199463
1350655522 | 9.780752658843994
9598924439 | 16.603249549865723
6613983559 | 9.01913332939148
1460783832 | 24.17141842842102
6163092918 | 0.44536614418029785
5167932392 | 3.9587934017181396
2173483218 | 16.842957258224487
2191115639 | 13.745615243911743
8575736587 | 8.333272933959961
1370213073 | 17.829522132873535
6350389649 | 0.40326786041259766
5599410036 | 3.032895803451538
2178571789 | 8.40066647529602
9081573882 | 70.26513171195984
6578399688 | 13.678099393844604
9358168967 | 7.500270843505859
1198317556 | 4.103650808334351
6093730014 | 23.559800386428833
9451298120 | 3.5013110637664795
5251569285 | 4.310469627380371
4565885857 | 20.389968395233154
9561003691 | 0.40701842308044434
3899117191 | 0.5878200531005859
1341680961 | 12.331398248672485
2550425867 | 9.8741774559021
8451481708 | 22.732977151870728
4241496304 | 4.202077388763428
4875126477 | 10.724655151367188
4575274379 | 9.037447690963745
4269674066 | 4.473139524459839
9347073686 | 21.270333528518677
9458941358 | 33.78623008728027
6564241105 | 261.9828681945801
5736145153 | 0.4069032669067383
2688773615 | 0.41876888275146484
8867218900 | 4.116816282272339
5740565702 | 34.73291897773743
7991511706 | 31.24795436859131
6161826341 | 11.086881399154663
8125609953 | 9.768107652664185
7486725209 | 10.907772064208984
7951621323 | 12.770904541015625
3142806467 | 6.837484836578369
8896755339 | 3.024775505065918
5037638015 | 7.84595799446106
7310735319 | 0.4011414051055908
5784029995 | 24.658714532852173
6623680747 | 6.809193849563599
1534391161 | 22.432568311691284
2775241886 | 8.889224290847778
3977173956 | 6.909553527832031
5945200807 | 4.14847207069397
3772305768 | 5.187539100646973
5803276612 | 10.430561542510986
7429343188 | 17.307061910629272
9748652498 | 10.11376428604126
3581987497 | 8.823860883712769
3272363494 | 24.464544773101807
8848341759 | 8.136935710906982
4473352374 | 0.453960657119751
7963362299 | 15.784565687179565
6925084435 | 17.702042818069458
3098715211 | 13.646509408950806
8074470489 | 8.740638256072998
9232549506 | 39.97110366821289
6540293140 | 0.4174201488494873
4068199803 | 32.273584842681885
8375126046 | 1.4749789237976074
1647188328 | 0.5941834449768066
4597952365 | 0.417386531829834
2986031392 | 3.0620219707489014
9776354749 | 12.190557479858398
2014820416 | 13.126690864562988
9921891356 | 0.4082791805267334
4526612895 | 21.73830795288086
8565099138 | 0.4182169437408447
2301204410 | 23.50328803062439
3336181122 | 4.0989179611206055
4151914692 | 13.007557153701782
7277241468 | 6.064321756362915
2162917710 | 4.178054332733154
3255337049 | 9.615735054016113
3340630740 | 0.41546106338500977
5831788080 | 6.920388221740723
3989726958 | 0.41573357582092285
5107602120 | 6.074815988540649
3331082297 | 25.208693265914917
8845045257 | 0.5682897567749023
3121346849 | 29.9399733543396
3439561608 | 14.678499221801758
9150864760 | 17.0627920627594
5104355416 | 0.4062352180480957
6492993596 | 14.517874240875244
3053839588 | 11.64930510520935
6383981746 | 12.199138164520264
6372925842 | 3.04730224609375
5065491116 | 0.592442512512207
9625692723 | 28.90261960029602
6435702277 | 0.4155716896057129
5745837456 | 7.6171605587005615
3860152716 | 10.546538829803467
6922402392 | 19.94495439529419
8886390619 | 20.349860668182373
5402282321 | 11.660501480102539
1618084684 | 4.546284914016724
2540755577 | 12.74805760383606
3241563433 | 8.104028701782227
6003183300 | 10.858114957809448
1441324327 | 14.025936365127563
5280809288 | 3.7414357662200928
7199415739 | 10.159985065460205
9372846744 | 14.144569635391235
5500076514 | 11.91544485092163
3453958819 | 8.460326433181763
7775408183 | 0.40767812728881836
9208457501 | 16.06410503387451
2408237357 | 0.5929832458496094
3126430460 | 16.673929452896118
7631764723 | 0.4021334648132324
6215661185 | 29.306517839431763
9821203950 | 9.718291521072388
3938384047 | 10.209482669830322
3533169365 | 0.4245185852050781
6578179140 | 10.057466506958008
9062746698 | 0.42284488677978516
9857147347 | 0.4302558898925781
2758847050 | 14.003974199295044
8552050634 | 34.54382133483887
5979838052 | 0.5812726020812988
6756849603 | 0.41063356399536133
6732815923 | 7.747950315475464
4835875468 | 0.4254128932952881
5059349634 | 3.8308584690093994
8295848219 | 20.563685178756714
9859987191 | 0.4167799949645996
3250439445 | 55.63787817955017
5131585710 | 11.535741806030273
6490525756 | 0.4101135730743408
2433479771 | 21.869186401367188
7531974303 | 12.32375717163086
1163552718 | 0.4246485233306885
3022379596 | 4.691694736480713
4003980384 | 19.13501811027527
9141164133 | 21.769160747528076
9760822376 | 33.8722939491272
7544540720 | 0.413393497467041
7734333893 | 0.45122766494750977
1971911623 | 4.103433847427368
1760006978 | 17.62740135192871
3290875339 | 7.331979036331177
7833218133 | 4.140383720397949
1147187187 | 20.549034118652344
5356176460 | 12.036986827850342
3478192245 | 4.129148721694946
3883863090 | 8.74252462387085
9528669766 | 11.954133033752441
4783931838 | 9.401389122009277
3602928246 | 2.908798933029175
5426093027 | 11.97327709197998
9725982905 | 8.050092697143555
6679444074 | 49.34880542755127
6161269108 | 22.07298707962036
2969344321 | 0.41686463356018066
5048674221 | 0.4182088375091553
3218312666 | 0.39475488662719727
8372145434 | 0.4013710021972656
4032498193 | 9.846545934677124
9204303617 | 5.826879501342773
9930037228 | 0.43036365509033203
8332149256 | 43.701529026031494
3129035335 | 12.743869543075562
8682993898 | 11.82433557510376
4131550621 | 10.053918361663818
8665557476 | 13.979495525360107
2459950404 | 0.4240286350250244
6234874189 | 0.422405481338501
7509987870 | 4.229017496109009
7961040619 | 7.174538850784302
2448885726 | 16.347052097320557
7639022288 | 19.353912591934204
6711388461 | 11.49769926071167
4869344666 | 4.422976970672607
8400616696 | 21.24605941772461
4366689140 | 8.522269010543823
6630098939 | 0.3902103900909424
3700761957 | 4.187763452529907
2339682031 | 0.4222066402435303
1309962398 | 8.969906568527222
1227992176 | 14.075567245483398
2613136741 | 14.239293098449707
4986427332 | 13.025098323822021
6609160764 | 0.4037010669708252
1191548865 | 8.373653411865234
8728025886 | 6.585883855819702
8919772410 | 2.7338168621063232
1306964718 | 0.3890860080718994
1730722633 | 10.889308214187622
5384129275 | 23.865636825561523
6153707672 | 0.40412163734436035
7626139993 | 18.430535554885864
2478571676 | 0.4227283000946045
1706851755 | 13.673384189605713
9038594793 | 14.235242128372192
6133848830 | 31.908465147018433
8646520789 | 8.90116834640503
6511717628 | 7.479414939880371
9808513770 | 0.39252161979675293
6048541286 | 18.693631172180176
3678942410 | 8.196285963058472
9749370506 | 17.336581707000732
2335267353 | 0.40233492851257324
4007015562 | 15.103472709655762
7339463015 | 4.384677171707153
1780863617 | 11.895691156387329
8726011708 | 8.14293622970581
6509540105 | 0.4294257164001465
4124660403 | 16.108997106552124
7121701730 | 12.742324829101562
4566204317 | 23.250786066055298
1511598885 | 0.42265963554382324
2817633320 | 34.45930528640747
1678639380 | 0.4213416576385498
3780626522 | 0.4052274227142334
1806633659 | 2.228015184402466
6304371488 | 20.112420558929443
9494846771 | 0.4063866138458252
8106965818 | 0.42931056022644043
5204192898 | 0.41026854515075684
7533311824 | 0.5631554126739502
8328959672 | 11.483664512634277
3436807377 | 0.3864626884460449
4902150471 | 11.604292631149292
9208483209 | 9.796813249588013
5777556117 | 0.581122636795044
2173215878 | 11.596662282943726
2807291733 | 2.9876229763031006
8909705257 | 5.80733585357666
5838711785 | 44.40612602233887
9397655658 | 13.696817636489868
8711913728 | 9.302950620651245
1938405553 | 27.037466287612915
5752407848 | 3.8958518505096436
3186090161 | 7.299429416656494
9207923245 | 24.494924545288086
3433710096 | 8.351218223571777
1475844611 | 0.4233131408691406
1494146325 | 20.417171001434326
9603399130 | 0.42449498176574707
1508287843 | 0.38614630699157715
8121564714 | 9.858052492141724
9655711578 | 12.763419151306152
6641212323 | 0.3716731071472168
5298992948 | 0.4053671360015869
5020182094 | 15.534155130386353
1454822853 | 13.27736783027649
7266213923 | 0.5574092864990234
2711517979 | 12.132270097732544
4937543847 | 0.39762258529663086
5102836612 | 4.954269170761108
2198521439 | 26.641624927520752
3576169992 | 7.826329231262207
7286059702 | 8.083698272705078
7318286735 | 10.036979675292969
3124925699 | 0.46593165397644043
3215731140 | 22.19760751724243
9897234049 | 8.170793294906616
9890229500 | 0.40061092376708984
8981669331 | 16.999562978744507
8620527998 | 4.1284215450286865
5041950078 | 3.7160093784332275
6681922960 | 0.3953371047973633
9412664559 | 6.40620231628418
3017612578 | 15.963284492492676
3433287248 | 25.109980583190918
4335398958 | 11.303627967834473
4811842230 | 13.782721996307373
8735045492 | 8.29349970817566
6447710735 | 4.114288806915283
8126614219 | 6.874047756195068
7235108640 | 4.139306545257568
3122334422 | 5.013412237167358
5188318545 | 0.4282956123352051
3292936437 | 4.6301233768463135
2382769034 | 10.603771209716797
8477797459 | 13.741746187210083
3521841563 | 17.06288456916809
5193770444 | 12.542675256729126
9855037731 | 17.230196475982666
9290115797 | 0.3897209167480469
2323945229 | 9.108858346939087
1377654757 | 5.274842739105225
2499405899 | 0.3990592956542969
6205326950 | 18.313122749328613
7728988274 | 24.401211261749268
4100569802 | 11.413795232772827
9632506815 | 0.38048315048217773
1077172986 | 36.81583261489868
3249933266 | 11.55900526046753
7270037622 | 1.206902027130127
8842534959 | 25.595666646957397
5408297481 | 8.133585691452026
2816885258 | 0.40140748023986816
2332764583 | 33.103720903396606
7559348637 | 10.58816123008728
1202696506 | 8.620448350906372
5005945440 | 0.42101263999938965
5000598540 | 4.201014041900635
6597181325 | 0.40543103218078613
8806034305 | 0.4010591506958008
1410884414 | 23.25966167449951
1573273108 | 0.40053415298461914
1728361729 | 0.41123414039611816
5506944426 | 13.06639289855957
2959275506 | 20.721747875213623
9057397018 | 9.867525577545166
4195794085 | 0.6104199886322021
3938218927 | 10.006675243377686
4021864593 | 25.132753610610962
1453401216 | 0.41696667671203613
2871265548 | 4.378419637680054
5139572209 | 0.43418455123901367
8273736710 | 4.425792932510376
8945216641 | 0.39511799812316895
6271032409 | 12.891079664230347
7260389809 | 18.721422910690308
1374480222 | 10.457001686096191
5603668442 | 20.404058694839478
6293773724 | 22.10766863822937
7752766755 | 11.524996757507324
7234895155 | 4.267060995101929
7523412871 | 0.6515085697174072
3242237887 | 35.44126868247986
4515680371 | 0.38266587257385254
2311203303 | 15.035004138946533
8768540715 | 4.121594429016113
7368736165 | 5.572564125061035
4150532707 | 10.864650011062622
1449816605 | 3.315587043762207
4448679865 | 15.426416158676147
2354850424 | 13.047413349151611
1662379178 | 2.4930663108825684
5187152824 | 0.42760372161865234
9731206171 | 13.371591567993164
3206586563 | 0.42481398582458496
7697883350 | 5.558936357498169
9232343278 | 4.9691784381866455
7252579343 | 0.4000415802001953
5029102940 | 10.33000135421753
9499961304 | 10.968941688537598
3546811782 | 0.3897740840911865
6553021989 | 2.4966864585876465
2100977200 | 9.033069849014282
2137596526 | 17.12635087966919
5726249124 | 0.5987484455108643
3519876619 | 9.43692684173584
4956408126 | 17.84247136116028
5904079773 | 19.248475551605225
8955017373 | 8.999175786972046
5345673472 | 8.673162698745728
6585388706 | 8.111940383911133
8965557975 | 8.275428533554077
4865179701 | 0.41069602966308594
5607632733 | 23.54546046257019
9597171070 | 4.126270532608032
7518245354 | 0.4217050075531006
6459099201 | 14.990984201431274
9142278475 | 15.663381576538086
9765535298 | 0.4029819965362549
3112797033 | 0.4023737907409668
5892079237 | 12.100773572921753
2408716484 | 0.5788745880126953
9879503711 | 8.620222806930542
5409330610 | 1.3877763748168945
1981403362 | 17.99993896484375
5253132074 | 0.40158557891845703
9897908370 | 10.431568145751953
6137736851 | 8.84536337852478
9040461150 | 44.3739275932312
2385431937 | 6.794786214828491
2304313414 | 6.974042654037476
8066534677 | 11.77707314491272
2307872538 | 0.4027853012084961
3156104449 | 4.035513639450073
7257045310 | 0.39522290229797363
5208240074 | 8.696572542190552
9069512482 | 8.725842475891113
3757847172 | 14.025277614593506
8406750099 | 13.34514570236206
9215442197 | 0.38593292236328125
7055214469 | 2.652986526489258
1591083110 | 26.553797245025635
7436499329 | 14.401472568511963
2372986178 | 11.10645866394043
8050064285 | 25.589385747909546
8951035886 | 0.3896017074584961
4417591171 | 2.145620346069336
4920581937 | 12.94285798072815
9943126747 | 18.348334789276123
7973989520 | 16.062939882278442
8876896948 | 0.4296400547027588
3781845203 | 0.4365370273590088
9598139025 | 45.31165814399719
6791343392 | 18.716639757156372
2473788719 | 0.3793811798095703
5634574514 | 10.348913431167603
3324052827 | 13.31043815612793
7697842163 | 12.695412874221802
7039701183 | 0.5438141822814941
6107610185 | 13.444378852844238
9613925318 | 13.7029550075531
8489262253 | 12.803807258605957
2835178769 | 21.91682004928589
5313876807 | 8.36401104927063
4330018777 | 6.374324321746826
3305892215 | 35.48064613342285
9466991749 | 0.4172482490539551
3363749769 | 6.934622526168823
7518150518 | 4.114327430725098
6894704475 | 0.39554524421691895
4322282376 | 0.3863565921783447
6600346476 | 10.925537109375
6692430039 | 4.414281845092773
4452669875 | 0.4083678722381592
8970944561 | 14.590227127075195
9967586202 | 10.783942222595215
3725085852 | 21.578810691833496
1808917692 | 6.001992225646973
6551965647 | 0.4469418525695801
8634603576 | 18.65572690963745
6931136039 | 11.029603004455566
2763212095 | 24.85738182067871
3829943707 | 0.39429545402526855
9747032487 | 0.43003225326538086
5685317245 | 27.2857666015625
4274275019 | 0.5833103656768799
6082899182 | 0.40877485275268555
1205724791 | 0.42548632621765137
7657508113 | 11.146007776260376
4655566451 | 0.4057493209838867
2307636564 | 0.42115306854248047
2626192345 | 15.92630672454834
3083309632 | 15.783085584640503
9712042147 | 0.4319605827331543
2661501293 | 0.4217262268066406
4586642043 | 13.508190155029297
4236731604 | 20.39578914642334
4129271905 | 15.687477111816406
4225813780 | 0.42690277099609375
8041393304 | 4.442111968994141
1424552540 | 7.650118350982666
6409381392 | 9.413828134536743
3759899627 | 0.40212082862854004
1881913964 | 10.740672588348389
6354690831 | 16.08821415901184
3735551605 | 12.204257726669312
1374874823 | 0.40883851051330566
3431722794 | 0.3941068649291992
5391204863 | 0.42185115814208984
5141996482 | 6.645489692687988
4772958755 | 10.128799676895142
8159375809 | 21.123565673828125
5222709666 | 26.889578342437744
5674660362 | 7.422998905181885
1193674640 | 16.0227313041687
3308700290 | 12.596921682357788
1832518798 | 10.07137417793274
6774150940 | 11.507827758789062
6808026800 | 0.402036190032959
9744707159 | 0.6155979633331299
4727592027 | 13.304164409637451
5385205316 | 0.3984715938568115
6304305136 | 14.538352012634277
3054543840 | 15.172752380371094
5077224935 | 4.72449254989624
6011400656 | 4.019992828369141
8465184592 | 4.334094762802124
5085190459 | 10.038883447647095
6924767169 | 6.619913339614868
4216099286 | 0.3935873508453369
1454769522 | 10.24818730354309
6002340339 | 2.5668301582336426
4076292356 | 6.7454774379730225
6771187443 | 0.42005491256713867
3191059575 | 0.41045641899108887
9609540172 | 9.66956639289856
9664466640 | 4.129164218902588
6259830143 | 0.42034149169921875
5226485228 | 0.3965451717376709
7080377034 | 8.11479139328003
4177894267 | 19.161293029785156
9800633274 | 0.4086458683013916
7177849258 | 0.3914003372192383
1167003411 | 20.876410484313965
8892214507 | 11.700949668884277
4892019230 | 2.4993057250976562
1755299735 | 10.034818172454834
1983266921 | 0.38531064987182617
2329330265 | 0.39017391204833984
5826466687 | 0.38897037506103516
1504573478 | 11.210224390029907
1203522587 | 4.176167726516724
7124719459 | 26.251179933547974
5404981460 | 0.3994576930999756
4515330680 | 8.938077688217163
7459748277 | 26.02393102645874
7814405518 | 12.257909297943115
1252368459 | 15.54423999786377
5996599980 | 0.40310025215148926
5257745738 | 17.16294264793396
1218066947 | 29.173266649246216
4575018791 | 4.153003454208374
8940518887 | 33.77888894081116
9311450318 | 13.237292289733887
1545130215 | 0.4214305877685547
2190328725 | 16.76046061515808
1065179930 | 12.380772590637207
6798215977 | 17.145184993743896
7832244482 | 0.42471837997436523
5157536012 | 11.618221759796143
4098683692 | 11.432908296585083
7763285510 | 15.854523658752441
9304284008 | 0.38054490089416504
4428350257 | 8.937340259552002
2245868102 | 7.649895429611206
1338960875 | 0.41609692573547363
5888848068 | 42.93509221076965
9595273084 | 10.620756387710571
2463714344 | 12.785348176956177
3069905008 | 1.3289337158203125
9704346841 | 7.2503204345703125
5065563000 | 0.41026782989501953
4688273891 | 5.858992099761963
9873599161 | 13.622143268585205
3746178119 | 21.93501091003418
7789955184 | 10.099441051483154
8700064036 | 0.5759527683258057
5968026898 | 10.03518009185791
4885538210 | 0.40316033363342285
3321224362 | 12.514139652252197
5119706608 | 0.38927531242370605
1147938274 | 11.69190526008606
5952826587 | 15.011189699172974
5242485478 | 19.22158694267273
6825386824 | 3.149301052093506
5036010917 | 21.742260694503784
7669623761 | 8.345494508743286
9352198620 | 10.532946109771729
6330721101 | 10.688450574874878
9846624399 | 0.4286158084869385
8584487943 | 7.279263973236084
8361592069 | 0.38907456398010254
5547842234 | 0.42861270904541016
1671158456 | 11.876675128936768
6536588106 | 0.3891892433166504
2690720513 | 8.578855991363525
7039586521 | 18.524107694625854
9467733754 | 14.396524429321289
1444981363 | 0.3936753273010254
2571601524 | 36.11110591888428
9968266765 | 22.35786247253418
7522590027 | 15.529897689819336
4651274573 | 0.4255709648132324
2968985525 | 16.77950167655945
6307550997 | 4.3986687660217285
8327246410 | 14.577457189559937
5774241874 | 10.149019241333008
5024569014 | 15.940815210342407
7735149851 | 0.7073392868041992
6329665975 | 4.236334562301636
6641118209 | 14.309941291809082
9966894061 | 9.788005590438843
8926183521 | 0.4286947250366211
4712720521 | 8.135285139083862
2836702976 | 11.52489972114563
4858135029 | 13.710908889770508
7846600702 | 17.63805913925171
8944357971 | 0.43497395515441895
6027325935 | 0.39530110359191895
6242210326 | 5.829448461532593
8216136670 | 0.41936230659484863
5868128822 | 18.503456592559814
6356002549 | 19.3089382648468
1278583328 | 0.42247557640075684
7516776856 | 9.671381711959839
5578177230 | 12.752892017364502
6901749004 | 0.41557955741882324
6649367245 | 27.00973105430603
1103161047 | 9.940455198287964
8307465486 | 0.4286177158355713
9589794957 | 19.70901894569397
4618774167 | 14.156296014785767
5665645155 | 10.326760292053223
3189831282 | 4.225065231323242
2616723370 | 9.888446569442749
6418583504 | 8.909690618515015
7504405993 | 20.400265216827393
7524885099 | 0.4153780937194824
9845784920 | 7.095874547958374
1796739491 | 18.544904947280884
8325179908 | 2.2993247509002686
8231410480 | 14.51779556274414
2391519889 | 0.43216967582702637
1260522701 | 12.743867874145508
5420230393 | 9.693636417388916
3682680085 | 0.41903090476989746
7885569320 | 28.380576133728027
3679141158 | 12.680726766586304
8888331009 | 48.12087869644165
1436453382 | 14.045530796051025
6859856472 | 0.39087820053100586
1257685736 | 6.552270174026489
6294006600 | 0.41762781143188477
2264732882 | 0.38294219970703125
2081211904 | 0.4255654811859131
3323228145 | 12.650702238082886
1483353584 | 10.474815368652344
9267360223 | 13.347423076629639
4568667194 | 7.535069465637207
6388866661 | 0.4289083480834961
8558450004 | 0.39965152740478516
8893560793 | 15.462441444396973
8244353678 | 0.41309165954589844
8172438594 | 0.3935699462890625
5759336984 | 42.57400417327881
1345587999 | 17.9621639251709
1265244796 | 13.722347974777222
3335607444 | 0.4327054023742676
8398634640 | 6.978482961654663
7169086721 | 9.837367057800293
5603134044 | 29.39057207107544
7506709288 | 7.250061273574829
6098943388 | 0.5501513481140137
8027433347 | 12.35698127746582
2159960349 | 11.242569923400879
4136231236 | 0.3844029903411865
6262249813 | 11.820858001708984
9909284014 | 0.3751499652862549
1749293159 | 19.451558113098145
1153476894 | 10.443634033203125
7447306405 | 13.382333278656006
8068788119 | 0.3872859477996826
7491587068 | 15.419869184494019
8877673223 | 0.5989992618560791
3979608274 | 8.95022439956665
5877172607 | 7.369218349456787
7112179506 | 4.485175609588623
8356815362 | 17.06901526451111
6230284675 | 7.628186225891113
7905777762 | 23.8472158908844
6886486069 | 16.48301887512207
7610944549 | 12.870319843292236
6914029644 | 6.474537372589111
6045216108 | 11.686684846878052
8542654263 | 0.38809847831726074
4969554551 | 22.76462960243225
8552473172 | 18.23847723007202
7655864294 | 9.353200435638428
4184383184 | 16.19221258163452
5192803521 | 16.51183843612671
4998846083 | 3.455801010131836
4144209940 | 9.555176258087158
2549636038 | 8.36170768737793
9153211259 | 8.37964391708374
7235611256 | 0.4039268493652344
4889245766 | 0.5928382873535156
1259920682 | 18.49931836128235
6119204613 | 9.029454231262207
8308851180 | 0.5328238010406494
4902543842 | 17.76718807220459
7971719303 | 18.47738218307495
8010471793 | 8.499766111373901
6995540390 | 0.6051647663116455
2534574989 | 12.84130573272705
5847736544 | 2.914660930633545
5047476267 | 3.8298676013946533
7637408950 | 10.85382080078125
6645702727 | 35.438071489334106
4172570162 | 21.454224824905396
8959099743 | 16.48981738090515
1378079289 | 0.5791807174682617
9734636773 | 23.27337622642517
1008165450 | 17.640232801437378
1149843377 | 0.39202427864074707
6945122787 | 0.380237340927124
8893663459 | 8.087625503540039
6278288910 | 0.42177677154541016
6207754646 | 10.774351358413696
4354139608 | 3.7551140785217285
7582586596 | 0.4226210117340088
5701417789 | 1.6471014022827148
7138892389 | 13.31449556350708
7803587935 | 0.407698392868042
9059778660 | 2.389636993408203
1891100898 | 3.2735652923583984
1944132980 | 0.5805873870849609
3527389547 | 40.37618637084961
4718889598 | 0.5820419788360596
3719333603 | 0.3870069980621338
6233316721 | 13.834262609481812
3865477824 | 7.981623888015747
3436214487 | 17.058244466781616
1669961260 | 17.659606456756592
1827007317 | 39.85954570770264
5443796451 | 16.091022729873657
6570239529 | 9.22216534614563
7641381346 | 27.778445720672607
1144489668 | 3.9909918308258057
5362695752 | 8.719450950622559
3287001554 | 0.40491318702697754
4356722183 | 19.79579186439514
1267579112 | 13.016657590866089
4470203319 | 4.120670795440674
1627788311 | 13.122328042984009
8790981697 | 4.062676429748535
1012283447 | 28.476638317108154
4907678648 | 0.41982102394104004
2736549774 | 4.76499080657959
9864289176 | 20.24857807159424
7791332265 | 22.197885990142822
8118054756 | 9.76126766204834
4503052500 | 0.39265942573547363
2022113199 | 9.493299961090088
8081667220 | 0.4335477352142334
2515365103 | 11.452364921569824
6710318636 | 20.063350915908813
7495086485 | 9.711448431015015
8051866444 | 11.29651403427124
2940295019 | 0.43811750411987305
4664283403 | 8.066954851150513
1822936710 | 9.375422954559326
1562859387 | 0.4218122959136963
5964370098 | 3.1694769859313965
9650633256 | 17.504377603530884
4818211539 | 9.120816707611084
4511258379 | 0.4196968078613281
5505064510 | 22.339391469955444
3930630351 | 0.4221024513244629
4285847863 | 0.38355183601379395
2021328682 | 17.128207683563232
6017965720 | 13.953604936599731
3462296569 | 0.4634287357330322
9332993530 | 11.911096572875977
7136338732 | 23.665360689163208
3863728808 | 9.32058572769165
1968335402 | 7.309593677520752
8845434737 | 12.278224229812622
1352187980 | 0.40704941749572754
6132274754 | 17.132543802261353
8836496681 | 9.686900615692139
8087194756 | 15.881757020950317
4415478038 | 0.38631248474121094
2557162103 | 7.927700519561768
8691228975 | 9.611645460128784
7624243699 | 4.169045925140381
8053296430 | 0.4218416213989258
8820757099 | 4.155452728271484
3336246447 | 0.42557668685913086
4624478750 | 31.91134023666382
5642076324 | 2.0641887187957764
8559343068 | 9.18651032447815
6147688438 | 9.919462203979492
2189963517 | 0.40476250648498535
6156346871 | 7.4828150272369385
1273347130 | 0.39141392707824707
9744867812 | 21.60229992866516
5457953358 | 10.935525178909302
2393104249 | 0.4213895797729492
1725720477 | 7.985980987548828
5600837755 | 16.129801750183105
9822496748 | 13.259730100631714
7958622156 | 10.03951907157898
4075016751 | 9.26297378540039
3141538107 | 0.38570427894592285
3756584131 | 15.3693687915802
3729264363 | 7.756362199783325
5933180531 | 0.3933749198913574
6256986070 | 11.075300693511963
6033470888 | 2.5348784923553467
9444049822 | 15.517782926559448
4128799568 | 4.680536270141602
9433822743 | 11.665608406066895
9172264296 | 4.2895827293396
3076513117 | 13.62789797782898
1997517049 | 33.42013120651245
2848746471 | 0.40705370903015137
6321877103 | 9.02187705039978
1573321526 | 0.42582201957702637
7016943433 | 9.37955641746521
7869920551 | 35.20616912841797
1347290828 | 19.307162523269653
9444186518 | 10.856184005737305
6516996004 | 17.44236707687378
9761932639 | 66.9870994091034
9370372941 | 10.828978061676025
8582807913 | 20.301406383514404
1262021849 | 14.679340362548828
4399970969 | 22.59450387954712
7781108101 | 9.441566467285156
8972566170 | 0.39946627616882324
4147848983 | 0.43724942207336426
1623543121 | 13.543091535568237
4311017926 | 0.3878777027130127
4289804999 | 0.3937861919403076
8898014584 | 9.425857543945312
5937099803 | 22.805531978607178
6866118806 | 4.397750616073608
9041104972 | 10.304937362670898
4516548870 | 0.4278442859649658
1025856365 | 6.7661402225494385
1430296988 | 13.753885984420776
1768853125 | 0.3890821933746338
7142776375 | 14.30635404586792
6361349087 | 4.196051836013794
3308170640 | 16.591638565063477
4156677911 | 20.008045434951782
1009040181 | 0.5485134124755859
2397242968 | 16.539753675460815
6779353758 | 8.790990114212036
2047406597 | 0.42415714263916016
6969999482 | 4.090275049209595
6049159254 | 0.4342958927154541
3341968600 | 7.068023204803467
4679107741 | 18.942307949066162
8901900344 | 0.392733097076416
3930821969 | 7.297775506973267
9801206094 | 12.697089910507202
3948690203 | 10.388682842254639
1156469135 | 0.38431787490844727
4448242358 | 0.41162991523742676
2359661691 | 0.6034650802612305
2597568891 | 9.57382082939148
3935683361 | 11.858782529830933
7890948308 | 20.38898730278015
3312833279 | 24.356865406036377
1060820568 | 0.4118351936340332
6759974641 | 23.416343688964844
2151935690 | 14.88283085823059
7651354431 | 9.604759693145752
5808312587 | 13.276493549346924
1884322559 | 0.41605305671691895
8836458983 | 11.737777471542358
5810172085 | 14.478062391281128
7390683275 | 19.32013988494873
9937483214 | 14.048977136611938
9245775351 | 13.710065126419067
2415119885 | 11.770733833312988
1952346024 | 14.203356742858887
3132042594 | 0.39655137062072754
7565929351 | 10.14083743095398
7766414552 | 9.562294244766235
7384554931 | 1.7614576816558838
1846325009 | 8.71841812133789
6251203761 | 6.833170413970947
1107598304 | 0.40326499938964844
1220181545 | 9.873278379440308
2871702883 | 57.917651414871216
5064387273 | 0.3951272964477539
3373800800 | 24.906030654907227
9192975393 | 25.03187131881714
9478003487 | 8.136550664901733
2485118330 | 13.433122634887695
7363129564 | 25.946235418319702
8501976414 | 4.177170515060425
9065076577 | 0.41404199600219727
1292162061 | 19.127177715301514
5412133514 | 0.4108762741088867
8672600885 | 0.4365694522857666
2814994744 | 13.5909903049469
8810693723 | 0.4138219356536865
7138236081 | 6.071821212768555
5660755540 | 89.49249935150146
2248280857 | 28.626978635787964
9320392475 | 45.20417547225952
9655636646 | 0.5525574684143066
1890935452 | 0.38358616828918457
5159726461 | 4.121485471725464
4428218477 | 12.902387380599976
6216997376 | 0.414487361907959
4138623129 | 18.667654037475586
5636147600 | 20.422871112823486
9719203451 | 8.541990041732788
1576284384 | 10.849766731262207
7178409873 | 0.3929412364959717
5466283966 | 59.41321110725403
1684060823 | 26.037352085113525
3207753789 | 6.0870866775512695
3965453131 | 0.4394216537475586
1019292195 | 36.08384156227112
5718009236 | 29.099828243255615
2420038853 | 0.4075043201446533
5254783187 | 30.882188320159912
9923716222 | 0.43759989738464355
7723286346 | 11.275118350982666
4111264735 | 0.42395853996276855
5747932525 | 0.4281332492828369
7812886125 | 25.618812084197998
3837473886 | 16.825997352600098
7625651984 | 12.23429274559021
9558236074 | 0.41741037368774414
5368919566 | 0.4322354793548584
8425548004 | 0.40276312828063965
2578061684 | 11.311781883239746
2644564316 | 25.996713161468506
9452896165 | 0.3839747905731201
7648657944 | 15.246398687362671
3495632915 | 20.987958908081055
1259482776 | 0.5747041702270508
1262591732 | 13.317010164260864
4953309297 | 17.357429265975952
1257804874 | 8.996198415756226
5796199762 | 18.902212142944336
8473762231 | 12.831124782562256
7108817013 | 11.468780755996704
6942577158 | 89.20845675468445
1030054770 | 27.95764398574829
6184978184 | 8.355966806411743
7866531493 | 4.699126482009888
1886267168 | 12.71353554725647
4579300260 | 8.716142416000366
7256743382 | 14.275655031204224
2592832762 | 0.4023113250732422
6953439804 | 53.10037565231323
3512367293 | 9.66600489616394
4604563661 | 7.681181192398071
6390604887 | 4.482482671737671
3596536497 | 18.83520197868347
3451554228 | 0.4005928039550781
2455300719 | 22.81917715072632
4657876621 | 9.984146356582642
9612773613 | 21.00921058654785
7663170271 | 32.763508319854736
7388444849 | 32.400789976119995
4301070446 | 0.37190866470336914
7334342973 | 7.449908494949341
9527640457 | 20.694682359695435
3974314566 | 0.43889379501342773
2177112831 | 1.6983606815338135
6481324316 | 0.3961777687072754
3577399181 | 10.165297269821167
5613601274 | 0.4373438358306885
6393993220 | 4.711491346359253
9232987381 | 8.407253503799438
2700408824 | 26.818559408187866
9547848531 | 0.40007829666137695
1774292499 | 12.569876670837402
6286913493 | 6.512269973754883
9508534768 | 0.3819136619567871
9625047544 | 0.41292619705200195
4898005191 | 15.68039345741272
9644099759 | 0.42641162872314453
5082818966 | 9.56889271736145
5176460865 | 9.860546827316284
8685231335 | 8.540618181228638
5936790884 | 1.385920763015747
3521870827 | 0.4062972068786621
4719882281 | 13.03494930267334
7379912823 | 0.4164595603942871
9443553913 | 4.3805224895477295
7062886895 | 8.481394052505493
2150995852 | 6.830633163452148
7393327641 | 16.73253059387207
8067576839 | 4.8728227615356445
9955158309 | 16.629111289978027
7400864798 | 18.443730115890503
3864655006 | 13.989999294281006
1393709664 | 4.193385362625122
3487697251 | 0.410062313079834
5785437218 | 0.39031124114990234
8638836250 | 0.399747371673584
1767309055 | 10.299822807312012
1113983791 | 18.73402690887451
5857773750 | 0.44722700119018555
6525977580 | 0.41022324562072754
3840024344 | 15.526065587997437
3967889076 | 9.073355913162231
9252980250 | 22.31194543838501
3831532070 | 0.4482536315917969
8978668956 | 0.4137382507324219
3218023398 | 18.7949538230896
4101658633 | 0.4139096736907959
1022720345 | 20.57827138900757
4823258936 | 25.137205362319946
5092142923 | 0.39218688011169434
2594622985 | 0.39988183975219727
7444375526 | 23.37816023826599
6560783349 | 4.38474440574646
4983562550 | 20.47412919998169
8128616805 | 0.36626291275024414
9138419170 | 10.215844869613647
7741165083 | 15.60485553741455
6922562198 | 16.915937423706055
1057972241 | 76.29150152206421
6510241397 | 0.3704111576080322
3396891316 | 7.7153143882751465
5544478428 | 21.66099262237549
7098588404 | 0.42852187156677246
6812803382 | 15.840153217315674
2630840365 | 0.3963048458099365
3393812165 | 6.724887371063232
6615175558 | 0.3794412612915039
9039005375 | 0.384411096572876
7172201745 | 21.779744625091553
7768737579 | 4.006592035293579
6123561476 | 0.39086341857910156
2843470227 | 10.347201347351074
2331716506 | 35.05688953399658
7951479807 | 12.611917972564697
3215410532 | 3.2136995792388916
1795112777 | 11.247080087661743
5516851414 | 0.38672852516174316
6386852058 | 0.45774269104003906
7985239023 | 15.068473815917969
1235283201 | 2.591704845428467
5666822559 | 14.92605209350586
1861800313 | 12.21788239479065
4473864393 | 15.755159378051758
3844499983 | 8.396307945251465
6608719159 | 7.2479987144470215
8008521811 | 0.40119075775146484
3016726695 | 0.5566816329956055
1038577404 | 12.149283409118652
4854211820 | 4.130286693572998
5214690960 | 7.034937620162964
7959987722 | 4.146880149841309
6499247200 | 10.857242822647095
2114784449 | 0.39025402069091797
2810579166 | 1.505946159362793
3292151179 | 5.497683525085449
7783444440 | 0.5728433132171631
3138900048 | 3.8108038902282715
1671497385 | 18.718217849731445
2808143650 | 13.469035863876343
2232006718 | 9.159008502960205
9370021931 | 18.01075267791748
9775226092 | 0.4135744571685791
5650697521 | 12.305578470230103
6370018245 | 16.215309858322144
9522565848 | 22.092583179473877
4873387839 | 11.538047790527344
2740330613 | 0.4142134189605713
7415661607 | 8.618746757507324
8815442229 | 9.757129430770874
1459229114 | 19.34880805015564
5689166090 | 16.38667130470276
5916833472 | 9.535558938980103
1882847437 | 4.074383735656738
3877218932 | 3.96714186668396
1751743568 | 7.264159202575684
2505056168 | 4.1752729415893555
6369838499 | 15.725513458251953
1749363425 | 22.904692888259888
6471562658 | 25.92945384979248
6685894304 | 16.981404542922974
3625029223 | 0.4249730110168457
5214286671 | 2.79927396774292
6369074517 | 6.8263561725616455
3282499080 | 5.452948331832886
2005366416 | 16.528854608535767
6921134529 | 20.36776089668274
4790528874 | 0.4124128818511963
5190971032 | 0.3794581890106201
4050632806 | 28.04611825942993
4179696471 | 12.81421709060669
4863567721 | 52.674094676971436
5077552524 | 13.286324262619019
4315130544 | 11.710562467575073
7921424489 | 27.566487073898315
3941808412 | 0.37709641456604004
5622471752 | 0.7000088691711426
2020690787 | 20.73377513885498
3904685599 | 5.212015867233276
6304439709 | 6.9991254806518555
5835867479 | 11.125410556793213
6926424189 | 5.2676897048950195
7983355182 | 16.865769386291504
2034905626 | 15.016303300857544
3538781921 | 0.39372706413269043
5213291694 | 0.42357349395751953
5821775744 | 6.027602195739746
2435524887 | 14.199943542480469
4978865229 | 0.4309093952178955
8873781071 | 23.03495979309082
7132761741 | 2.0211594104766846
1800134511 | 5.846537828445435
4449075170 | 17.545380353927612
1731486297 | 11.006301879882812
1814051999 | 6.917001247406006
1884673149 | 0.41876840591430664
5955600166 | 8.128675937652588
3315681271 | 13.675384283065796
7835539310 | 8.009978294372559
8270278504 | 15.930599212646484
6284243064 | 17.28296971321106
6578862907 | 8.743485450744629
6313379167 | 1.0941212177276611
7279781003 | 10.795161485671997
8508270451 | 10.760773420333862
3456951214 | 10.689108610153198
4443524472 | 0.4035968780517578
3032646560 | 0.38672757148742676
5961935595 | 17.529014825820923
2919590940 | 17.268088340759277
2491309033 | 21.768115043640137
8942377257 | 22.017680168151855
2794340251 | 24.51876211166382
4613472817 | 0.4095292091369629
3561723936 | 6.1532182693481445
3435212339 | 40.85692811012268
8106279239 | 9.447039365768433
4459298142 | 26.763030290603638
3155042378 | 10.657007455825806
3650377565 | 1.5437071323394775
2266728282 | 0.41347694396972656
9728252365 | 22.243476629257202
1567480878 | 27.571574687957764
8332375026 | 13.112040519714355
7747524041 | 4.426064968109131
3268816780 | 4.146069049835205
1562848858 | 14.21740436553955
9613697194 | 4.116998672485352
8758683531 | 7.52923321723938
5114743938 | 24.799900770187378
5003121723 | 0.40327882766723633
5307495877 | 0.4065816402435303
4832024329 | 17.68369698524475
6792644874 | 8.37824535369873
8494704631 | 4.183183670043945
7663293021 | 0.44313526153564453
5831835564 | 13.026091575622559
8094348977 | 6.475127458572388
3346575993 | 13.650768995285034
8515037045 | 19.94337821006775
8938062272 | 20.809754848480225
7509428228 | 4.2557878494262695
5937548433 | 7.776028633117676
2440027868 | 19.08967638015747
2410068980 | 9.759596109390259
5267516190 | 0.45525503158569336
5392599787 | 18.549173593521118
5500139616 | 13.947272300720215
4011432153 | 22.501035451889038
5006721284 | 8.95167875289917
1506985012 | 0.38391947746276855
7220254664 | 12.888657569885254
6261437677 | 26.614063024520874
2238419171 | 17.763562202453613
2956805633 | 17.876999616622925
1074035241 | 0.6021313667297363
2673718662 | 9.241124868392944
1967135672 | 9.58766770362854
9472682152 | 18.68417191505432
4197813491 | 20.899267435073853
3274337669 | 18.200862646102905
4495718928 | 8.87449049949646
2695017967 | 9.356224298477173
4635603058 | 14.587597846984863
6023265692 | 0.39049410820007324
6847679805 | 10.884639739990234
1683318177 | 0.41504454612731934
5166470105 | 15.39709997177124
3055199527 | 12.776081562042236
1626439113 | 11.146023511886597
3180341511 | 8.221869230270386
8678371419 | 12.401349544525146
2770635960 | 1.8528196811676025
5078567756 | 0.4057180881500244
1319956490 | 0.4003570079803467
6198168987 | 0.4402289390563965
8290849470 | 0.38542604446411133
6396241030 | 14.349848508834839
9516132209 | 11.393667936325073
8339614890 | 4.119950294494629
1623575956 | 0.3659379482269287
1362323559 | 11.913638830184937
6494246152 | 9.975565195083618
9894716446 | 24.40159845352173
8934471036 | 0.4253988265991211
8512273402 | 18.657472133636475
4222227686 | 0.39346981048583984
4031227089 | 6.029238224029541
4423790244 | 15.254976749420166
1707399142 | 3.164689779281616
1141883054 | 11.076861381530762
5016083215 | 11.123016357421875
9333366816 | 9.785322427749634
4964554490 | 4.133145809173584
4956716773 | 0.4291801452636719
6276681516 | 17.51124095916748
3848900183 | 3.781111478805542
5275154533 | 16.199123859405518
1922287440 | 10.776535749435425
1450035734 | 5.913170576095581
8487859174 | 0.38935351371765137
4355751116 | 14.431692123413086
8257961802 | 18.79740262031555
3485080992 | 0.4220459461212158
8626216222 | 1.9274041652679443
8944776077 | 17.81208848953247
6318719117 | 12.696340799331665
4509681043 | 14.482086181640625
