1238184098 | 1.686159610748291
8491809632 | 2.074392318725586
2670246123 | 2.2009756565093994
6377045415 | 0.00554966926574707
8394613433 | 6.3722968101501465
4917021408 | 1.1876847743988037
1683435797 | 4.678719758987427
6084099681 | 4.185780048370361
1607913014 | 0.010345697402954102
8102785034 | 0.007590532302856445
6780421090 | 5.3880414962768555
8040320497 | 0.008922815322875977
5253133322 | 1.0606825351715088
5831484864 | 5.288658380508423
4505697517 | 2.308983564376831
9215279721 | 1.6002049446105957
9935480937 | 0.006541252136230469
9844883820 | 5.908935308456421
1386192013 | 3.3519060611724854
6303225573 | 0.6132936477661133
8079161216 | 0.4312565326690674
5205610316 | 1.1572611331939697
7724961120 | 5.086424827575684
5979995452 | 3.5098137855529785
7824161571 | 2.5556392669677734
6557419794 | 0.0181732177734375
4771965884 | 0.22543001174926758
4774337340 | 4.802738428115845
9250150430 | 1.5568366050720215
8161576859 | 1.9953410625457764
9265363387 | 2.219116449356079
8439345456 | 3.7689290046691895
2537322121 | 1.6758522987365723
8726901441 | 0.007932662963867188
4083494982 | 1.3856163024902344
5785473695 | 0.008103370666503906
8605646769 | 1.8706061840057373
5320456163 | 4.633543491363525
2130720246 | 0.9207427501678467
9906938647 | 3.5119638442993164
3881865238 | 2.1135380268096924
3961828202 | 1.6939105987548828
4328393669 | 2.142036199569702
6809933974 | 1.2695703506469727
7409142457 | 2.1629302501678467
1071568490 | 0.8988888263702393
1788695033 | 0.849677324295044
9507785586 | 1.9791088104248047
4794006301 | 1.2171647548675537
8020861385 | 2.313894748687744
9769754670 | 0.7533769607543945
6156234830 | 0.0070950984954833984
7117821110 | 1.2648417949676514
2370100879 | 0.7325046062469482
5718802025 | 0.2912142276763916
8942209083 | 0.006517887115478516
5546127186 | 3.006786346435547
1022634476 | 4.2241246700286865
7608644649 | 2.882444143295288
4482828212 | 1.4762656688690186
4005899095 | 4.334232330322266
1077447253 | 1.057732105255127
9959789009 | 2.8406925201416016
8695335204 | 1.1919255256652832
3334457512 | 0.6225244998931885
4364428476 | 1.3327090740203857
1812017918 | 0.9780404567718506
4213152676 | 0.24892187118530273
8512989802 | 4.016805171966553
6788353317 | 2.1326377391815186
7518767349 | 2.219158887863159
2190070468 | 2.2074360847473145
4160710051 | 1.3542389869689941
1150622145 | 4.340926885604858
2014767187 | 0.007288932800292969
6268226270 | 0.0075893402099609375
2669642417 | 1.7548117637634277
3907102088 | 0.005549430847167969
3095617106 | 4.0677595138549805
1639221071 | 4.766201019287109
4720179773 | 1.7140612602233887
8756147363 | 2.2728617191314697
4312030537 | 4.591227054595947
3067451965 | 2.231088399887085
4380062041 | 4.436442136764526
1828610747 | 1.2345857620239258
9016101695 | 3.0580272674560547
5107252196 | 0.0090789794921875
6309675703 | 0.006546974182128906
5665077536 | 2.874795913696289
5332901066 | 2.9783003330230713
7420435466 | 1.3063764572143555
2034588997 | 1.9148733615875244
1155570610 | 4.381034851074219
9902486229 | 2.1119415760040283
2427149682 | 4.701124429702759
9817684038 | 1.5480947494506836
6533027417 | 1.6236450672149658
7015440995 | 0.007035017013549805
1350655522 | 2.984360933303833
1149843377 | 1.7195990085601807
3542899698 | 1.0163803100585938
6945122787 | 0.007641315460205078
8413133648 | 9.059570789337158
2746343630 | 0.3744800090789795
8893663459 | 2.6240220069885254
3107243188 | 2.010371208190918
6278288910 | 0.006487607955932617
6207754646 | 3.004068613052368
1965324023 | 2.176809549331665
4354139608 | 8.20316481590271
7582586596 | 0.006212711334228516
5701417789 | 1.340528964996338
3978798547 | 0.006081581115722656
7138892389 | 2.0988528728485107
7803587935 | 3.8032333850860596
9059778660 | 0.005889892578125
1891100898 | 0.5430545806884766
1944132980 | 0.007883548736572266
3527389547 | 7.20586371421814
4718889598 | 0.7673678398132324
4161424061 | 1.3565168380737305
1012693470 | 2.603264570236206
3719333603 | 0.006135463714599609
8044658099 | 0.005799055099487305
6233316721 | 1.5575242042541504
3865477824 | 0.8842465877532959
8955328062 | 3.9642326831817627
3436214487 | 1.23726224899292
4468737966 | 0.0072481632232666016
8991000158 | 0.0069408416748046875
2522200284 | 2.118680715560913
6400239473 | 0.7539336681365967
6207976444 | 0.007687807083129883
6758874086 | 1.2269797325134277
1669961260 | 1.9990901947021484
1827007317 | 4.841119050979614
5443796451 | 0.3974287509918213
6570239529 | 1.9420082569122314
1700721177 | 0.011469125747680664
7641381346 | 4.597960710525513
5452242001 | 0.006528139114379883
7888111036 | 3.2811625003814697
3256736401 | 2.3709850311279297
1144489668 | 7.753335475921631
1676917989 | 4.219361782073975
5362695752 | 2.774096727371216
2161219302 | 1.6151764392852783
3287001554 | 0.006707906723022461
4356722183 | 1.4852910041809082
7053311474 | 0.331348180770874
9629498659 | 1.3681957721710205
1342768097 | 0.8340260982513428
1267579112 | 2.104853630065918
4470203319 | 0.007338762283325195
1627788311 | 1.52610445022583
8790981697 | 0.007209300994873047
1012283447 | 9.563435792922974
4919785791 | 2.984020709991455
4841062066 | 5.151671648025513
3538023657 | 0.7613000869750977
4907678648 | 0.007994890213012695
2736549774 | 5.185876369476318
9864289176 | 0.8794779777526855
7791332265 | 0.3561999797821045
8336936841 | 0.529000997543335
8118054756 | 1.8230583667755127
3843902981 | 2.8858718872070312
7410010581 | 1.2411611080169678
1424120166 | 6.288602590560913
5567018647 | 2.9232330322265625
4503052500 | 0.007238149642944336
2022113199 | 1.9096033573150635
8081667220 | 2.7402939796447754
2515365103 | 1.4939312934875488
6710318636 | 6.329721927642822
7495086485 | 3.382719039916992
6093663675 | 1.6190154552459717
4220842352 | 3.6568219661712646
8051866444 | 1.0417149066925049
6224979551 | 3.4085514545440674
2940295019 | 0.5540030002593994
4664283403 | 0.8227138519287109
7759692132 | 2.968630790710449
9879137278 | 15.71384596824646
1822936710 | 2.8592464923858643
2422628645 | 0.0075490474700927734
1562859387 | 0.9114696979522705
5964370098 | 1.1001510620117188
9650633256 | 2.4899728298187256
1005013888 | 1.6935863494873047
9204068401 | 1.125154972076416
7465171179 | 4.316983222961426
1427718572 | 1.259267807006836
7155731147 | 1.0871624946594238
4818211539 | 2.6548473834991455
7139140565 | 4.533368825912476
4511258379 | 2.2436370849609375
4425662091 | 1.2476332187652588
2212572255 | 0.8073999881744385
1861123244 | 7.075799226760864
3829943707 | 0.0063707828521728516
7366707301 | 1.7367444038391113
9747032487 | 0.005951642990112305
5685317245 | 0.17208290100097656
4593070884 | 6.342599868774414
2664463302 | 1.5996601581573486
4274275019 | 0.007578134536743164
1323384233 | 0.5619540214538574
4653592937 | 1.1953465938568115
6082899182 | 0.006810188293457031
1205724791 | 2.402708053588867
7657508113 | 0.5503232479095459
8767490351 | 5.384292840957642
4655566451 | 0.1318953037261963
2307636564 | 0.00781393051147461
9883372272 | 0.6683351993560791
2626192345 | 2.1804189682006836
3083309632 | 2.4109609127044678
9712042147 | 0.007668495178222656
2661501293 | 0.0055446624755859375
3914985921 | 6.2343831062316895
4586642043 | 2.3836276531219482
3047914384 | 3.007969856262207
4236731604 | 3.1683928966522217
4129271905 | 1.3224132061004639
2570924139 | 1.5060341358184814
4225813780 | 0.0073468685150146484
5304669918 | 2.4402503967285156
1461409602 | 2.0338082313537598
7601325858 | 3.4429662227630615
2551103537 | 4.72547721862793
8041393304 | 5.717979431152344
6434491046 | 0.9737977981567383
9764879744 | 1.5841059684753418
1424552540 | 3.8406543731689453
6409381392 | 2.5281736850738525
3759899627 | 4.068490743637085
1881913964 | 1.4586195945739746
9587426711 | 1.4875779151916504
4023890342 | 3.730867624282837
2687212575 | 5.59853196144104
6354690831 | 0.006890296936035156
3735551605 | 2.5394418239593506
8526373258 | 1.3748564720153809
1374874823 | 1.6706719398498535
3431722794 | 0.006651401519775391
1294930495 | 0.567033052444458
5391204863 | 0.00751042366027832
5141996482 | 0.9026710987091064
4772958755 | 0.7560293674468994
8159375809 | 1.966829538345337
5222709666 | 2.851835012435913
3678646561 | 2.547234058380127
5674660362 | 1.1054182052612305
7068570452 | 2.918801784515381
1193674640 | 3.5940966606140137
3308700290 | 3.8245444297790527
1832518798 | 0.008407115936279297
7923073079 | 1.40995192527771
6774150940 | 5.759806156158447
6808026800 | 0.007407665252685547
9744707159 | 0.010383844375610352
4727592027 | 0.5668742656707764
5385205316 | 1.7038989067077637
6304305136 | 1.3403129577636719
9698349278 | 5.285975694656372
1998769331 | 2.0063464641571045
4266504710 | 1.5181047916412354
3054543840 | 3.5528604984283447
5077224935 | 2.7189505100250244
6011400656 | 2.3841490745544434
8465184592 | 0.007459402084350586
5085190459 | 4.437754154205322
3416214381 | 1.8887462615966797
7554339163 | 2.3717353343963623
6924767169 | 1.7307300567626953
9923525707 | 0.8585648536682129
7305689544 | 4.0989484786987305
4216099286 | 6.251847982406616
1475126608 | 0.0074825286865234375
3828441572 | 4.687056541442871
7831065723 | 3.0650501251220703
3848846209 | 6.104071855545044
6226558270 | 3.7003743648529053
5310642288 | 6.052185773849487
9079656025 | 2.9100260734558105
9835558840 | 5.149339914321899
1454769522 | 1.1065833568572998
6002340339 | 1.1566426753997803
1408273188 | 1.322974681854248
4220835553 | 2.178333044052124
5378751192 | 3.041809558868408
7149878697 | 2.8717217445373535
7813117602 | 0.5318646430969238
4076292356 | 2.2294023036956787
6771187443 | 0.0069768428802490234
3191059575 | 1.686495304107666
9609540172 | 2.6304938793182373
9664466640 | 0.008522510528564453
5505064510 | 1.1766057014465332
3930630351 | 0.007597684860229492
6554516506 | 2.939512014389038
6481965044 | 4.321646213531494
6963257093 | 6.3009889125823975
4285847863 | 0.00695037841796875
2021328682 | 7.24737811088562
6017965720 | 5.971361875534058
3462296569 | 0.006877422332763672
2347435901 | 1.4790072441101074
3662096173 | 2.969404935836792
9332993530 | 5.318800210952759
4612904917 | 2.8458657264709473
8633254952 | 1.0020084381103516
7136338732 | 1.1364080905914307
9017342081 | 1.054762601852417
3863728808 | 0.007220029830932617
9566974328 | 2.1090054512023926
1968335402 | 6.148892879486084
8845434737 | 1.2968144416809082
1352187980 | 0.006640911102294922
6132274754 | 1.379509687423706
8836496681 | 1.626030445098877
8087194756 | 4.450303316116333
9326265210 | 1.7849884033203125
4415478038 | 0.007937192916870117
8184113635 | 2.1278016567230225
2557162103 | 1.6728806495666504
7297066940 | 3.5108959674835205
9243764324 | 2.447317123413086
8691228975 | 0.6031835079193115
7624243699 | 0.018209457397460938
9367191913 | 3.1183621883392334
8053296430 | 0.007257223129272461
8882039784 | 2.398197650909424
9559844734 | 0.802377462387085
8820757099 | 0.010763406753540039
1724655354 | 0.006804704666137695
3336246447 | 0.006322622299194336
4624478750 | 1.135338306427002
5642076324 | 0.7964825630187988
7909003928 | 1.360952377319336
5785147131 | 1.1038165092468262
9542422277 | 4.0858588218688965
8559343068 | 1.5903630256652832
6147688438 | 7.259349584579468
2189963517 | 0.008351325988769531
2118535865 | 1.0618886947631836
6418225441 | 7.743442535400391
6156346871 | 2.5768136978149414
1874197645 | 1.5851454734802246
5529612288 | 9.138083219528198
1273347130 | 0.006886005401611328
1828227761 | 4.263633728027344
9744867812 | 3.3181474208831787
7330888357 | 0.01039743423461914
5457953358 | 1.1574537754058838
2393104249 | 0.007868766784667969
1725720477 | 0.5098273754119873
1561222357 | 0.00918722152709961
5600837755 | 2.048178195953369
4097628428 | 3.0805094242095947
9822496748 | 0.010627269744873047
6803350985 | 0.007607936859130859
7958622156 | 1.8788912296295166
2769149535 | 12.954216718673706
4296608015 | 7.696362733840942
4075016751 | 1.3500983715057373
7346021320 | 3.280463933944702
3141538107 | 0.007479667663574219
3756584131 | 1.759155511856079
3729264363 | 2.866084098815918
5933180531 | 0.006734132766723633
6256986070 | 3.3420138359069824
6033470888 | 1.8625319004058838
9444049822 | 1.3586139678955078
9251032492 | 1.0307161808013916
8004302104 | 2.1273796558380127
4128799568 | 0.3534674644470215
8573115207 | 7.048825263977051
9433822743 | 2.7687079906463623
9172264296 | 3.6436145305633545
2723964615 | 3.4607861042022705
7599586850 | 1.8426930904388428
3076513117 | 0.009272098541259766
1997517049 | 2.4597904682159424
2848746471 | 0.007241725921630859
6321877103 | 3.694674015045166
1573321526 | 0.007505893707275391
7016943433 | 0.8318493366241455
6392206551 | 1.5061700344085693
7869920551 | 1.6223549842834473
1347290828 | 1.2665987014770508
5587352909 | 2.6735658645629883
8695777307 | 4.893963813781738
2395131089 | 1.5166919231414795
2517326763 | 1.4655683040618896
3508249853 | 2.0897107124328613
3652291267 | 3.7847652435302734
9444186518 | 0.6755714416503906
2105366574 | 5.622845649719238
1615485570 | 2.017670154571533
7986987187 | 2.057464361190796
8901864083 | 1.8476991653442383
9382157778 | 6.063801050186157
9130031690 | 1.961113691329956
3296789853 | 0.18329095840454102
8201727239 | 1.6291663646697998
9866591427 | 1.2929644584655762
4042315825 | 10.907920122146606
2567712392 | 0.006640434265136719
3355778066 | 3.119976043701172
3255730885 | 4.034552335739136
3623968000 | 0.006955385208129883
1400668817 | 0.0074079036712646484
5370110933 | 2.463867425918579
5252625904 | 4.769340753555298
9278369010 | 3.06616473197937
9004509136 | 0.0082855224609375
8139464768 | 3.0531485080718994
4012792989 | 2.139160633087158
8748420034 | 0.0061473846435546875
3594532697 | 0.00607752799987793
6396523177 | 2.898256540298462
8264118441 | 1.026257038116455
2060131526 | 1.3622803688049316
7858658002 | 4.796630382537842
3257087639 | 1.8672621250152588
4992983158 | 2.866792678833008
3004057820 | 3.375152587890625
3972197186 | 0.007120609283447266
3478942783 | 9.109441041946411
7989518939 | 1.7074131965637207
8759463788 | 3.312925338745117
7568233006 | 4.536398887634277
5717437328 | 1.920109510421753
7849833321 | 4.754255056381226
3797898631 | 0.0070269107818603516
2027487511 | 1.7253921031951904
3829603410 | 4.271917819976807
1688461735 | 10.72813868522644
2922573277 | 6.271847486495972
6399494942 | 2.6662888526916504
3121974437 | 2.7244555950164795
7601531144 | 2.567491054534912
1051504958 | 0.007387399673461914
2441104580 | 3.2076327800750732
3654790551 | 2.311626672744751
8703059732 | 3.0774576663970947
3034950486 | 0.0073299407958984375
3986326389 | 2.16821026802063
2840919636 | 0.006246328353881836
2602763983 | 0.006418466567993164
7507501761 | 2.6406188011169434
9678993581 | 1.3450791835784912
1658493154 | 2.0262153148651123
3347236076 | 0.7614874839782715
3884653451 | 0.6439690589904785
9417324238 | 2.0211901664733887
9770896943 | 0.007759809494018555
4466588487 | 5.509034872055054
4180926186 | 0.008242130279541016
4072484754 | 2.039485216140747
5633083098 | 0.007798671722412109
3690884900 | 0.007932901382446289
3302810131 | 1.9009125232696533
9071358810 | 1.9738514423370361
7546620358 | 4.996352672576904
6507729264 | 2.347377061843872
1151602272 | 2.8859446048736572
9399317642 | 0.4514932632446289
1669824516 | 0.006760358810424805
6396625793 | 2.459775447845459
8058338373 | 3.8293654918670654
5092444188 | 2.427385091781616
3943574235 | 3.2378697395324707
8181346641 | 9.49350094795227
1418035464 | 0.007477998733520508
8998353184 | 2.510467529296875
9161016406 | 0.0076978206634521484
7121961777 | 1.6568083763122559
4790437863 | 3.6320149898529053
9032629705 | 1.2157986164093018
1308415882 | 0.0064983367919921875
9577101970 | 0.007107734680175781
2103640986 | 0.008301496505737305
1898351631 | 1.5070888996124268
3366169117 | 6.721275329589844
5490457448 | 0.009371042251586914
2889131178 | 0.008945226669311523
1737869979 | 1.0521209239959717
5786560454 | 1.5070369243621826
6223764681 | 0.3552429676055908
8036731377 | 0.008677244186401367
1601721674 | 1.6517705917358398
5217277994 | 0.009305953979492188
4951364400 | 2.5292229652404785
6316674625 | 3.1205191612243652
6055641306 | 1.3210186958312988
6851276318 | 0.50408935546875
5119706608 | 0.011229276657104492
1147938274 | 2.318875312805176
8457719890 | 6.215090274810791
7993539892 | 2.2530248165130615
4381267952 | 2.9487075805664062
5952826587 | 0.36803483963012695
5242485478 | 5.7606916427612305
6825386824 | 3.1430211067199707
5036010917 | 0.30197787284851074
1238895234 | 2.8908088207244873
7669623761 | 2.1757919788360596
9352198620 | 4.5710978507995605
6330721101 | 0.8817265033721924
9846624399 | 1.4641013145446777
8584487943 | 3.5175940990448
8755618823 | 1.554006814956665
8361592069 | 0.008016347885131836
7854303131 | 1.5400137901306152
7085540125 | 6.827227354049683
5547842234 | 0.007508516311645508
5120579016 | 0.7570292949676514
8964496009 | 2.0711371898651123
1671158456 | 4.458318710327148
7467881007 | 0.4291219711303711
2270483397 | 2.4240365028381348
6536588106 | 0.006497383117675781
2690720513 | 2.730593681335449
3280283215 | 1.9017231464385986
1273470611 | 3.306226968765259
7039586521 | 3.6933481693267822
9467733754 | 1.1585428714752197
1444981363 | 0.006651163101196289
5068302800 | 1.4506206512451172
3263743802 | 1.6944429874420166
2571601524 | 0.0074884891510009766
9968266765 | 0.009272575378417969
7522590027 | 2.2742488384246826
4651274573 | 0.007310390472412109
2968985525 | 1.2543303966522217
6307550997 | 3.127218246459961
2311038287 | 0.007317543029785156
1821631932 | 0.9143917560577393
3000977139 | 2.9052817821502686
6900504687 | 6.170135259628296
5475280471 | 6.423666477203369
8327246410 | 2.9099488258361816
5774241874 | 2.4238579273223877
5024569014 | 2.153599739074707
2419665912 | 0.008577823638916016
9723218843 | 1.578967809677124
1654788900 | 3.839425802230835
8482020432 | 3.3471477031707764
4938094785 | 6.280773878097534
7735149851 | 0.010624170303344727
4699807287 | 2.13710355758667
6329665975 | 5.117323398590088
6641118209 | 5.950695991516113
7062984306 | 1.433115005493164
9966894061 | 2.4776289463043213
8926183521 | 0.008233070373535156
4712720521 | 1.4026572704315186
2836702976 | 2.7427799701690674
4858135029 | 2.1017613410949707
7846600702 | 0.00722813606262207
8411438020 | 4.976612329483032
5659811830 | 1.040966510772705
8944357971 | 0.006558656692504883
6027325935 | 5.909619331359863
3312537469 | 5.186437368392944
2970877275 | 4.282627582550049
6242210326 | 0.9664125442504883
4102226462 | 2.7517874240875244
8216136670 | 1.97334885597229
5868128822 | 2.442286729812622
6356002549 | 3.9468770027160645
1278583328 | 5.458969354629517
7516776856 | 5.331273794174194
6689687438 | 1.83475923538208
5578177230 | 1.013275146484375
6901749004 | 4.823832988739014
6649367245 | 2.88832688331604
6884910284 | 3.9202394485473633
1103161047 | 2.05708384513855
3949300580 | 0.6565980911254883
8307465486 | 0.007473468780517578
9589794957 | 0.007749795913696289
5902241419 | 0.8677728176116943
6540104734 | 0.6575970649719238
1750331194 | 1.9008715152740479
9015021563 | 1.5825068950653076
9588890552 | 2.6035237312316895
3556448818 | 1.6958956718444824
3214734825 | 1.4536552429199219
4618774167 | 2.681382417678833
5665645155 | 2.1197547912597656
3189831282 | 0.012390613555908203
9446790878 | 2.5957651138305664
2616723370 | 1.3802034854888916
4080088992 | 1.7169861793518066
5507649535 | 1.5248520374298096
9451051554 | 2.143974542617798
1678639380 | 1.6774003505706787
3780626522 | 0.0059070587158203125
1806633659 | 0.006875753402709961
6304371488 | 1.7309362888336182
9494846771 | 0.00716710090637207
7330638975 | 0.008432149887084961
7236635718 | 0.007770061492919922
4162805081 | 7.2441370487213135
5921107732 | 1.844310998916626
8106965818 | 4.068281412124634
5204192898 | 0.008909463882446289
7512639537 | 0.9261536598205566
7533311824 | 0.009884357452392578
8328959672 | 3.4230761528015137
2378016697 | 3.5499513149261475
6701253233 | 0.014981985092163086
3238170395 | 4.002017498016357
3436807377 | 0.007413625717163086
4902150471 | 1.6545095443725586
3967539880 | 2.019550323486328
9208483209 | 6.506543874740601
5777556117 | 0.010803699493408203
7035336872 | 6.911581754684448
8300819429 | 1.8580496311187744
2173215878 | 3.383901834487915
3965355057 | 0.2352769374847412
1062797837 | 1.337263584136963
2807291733 | 7.499673128128052
8909705257 | 8.476046800613403
9381371289 | 0.8435282707214355
5838711785 | 10.0348641872406
1891794651 | 3.4505746364593506
9397655658 | 4.340531349182129
9730754113 | 5.052643299102783
5047794028 | 2.56046199798584
1793615298 | 0.7500483989715576
3911952863 | 1.2233843803405762
8711913728 | 2.2986645698547363
4471389732 | 1.913888931274414
1938405553 | 4.707875728607178
5752407848 | 1.617522954940796
3186090161 | 1.14327073097229
9207923245 | 1.1749343872070312
3433710096 | 0.008124113082885742
7462047404 | 3.381546974182129
1475844611 | 0.0077037811279296875
1494146325 | 2.4890129566192627
9603399130 | 0.007788181304931641
1473929337 | 1.4125943183898926
1508287843 | 2.6968743801116943
8121564714 | 1.9271001815795898
9655711578 | 0.006312370300292969
6641212323 | 0.006500244140625
8359667420 | 3.2612128257751465
6037371718 | 1.7073643207550049
5298992948 | 0.007312774658203125
5020182094 | 2.7100088596343994
1454822853 | 2.732971668243408
2711923408 | 0.008019685745239258
7266213923 | 0.008265018463134766
2711517979 | 1.4819667339324951
4937543847 | 0.007097005844116211
5102836612 | 4.436105251312256
8600560264 | 2.075881004333496
2198521439 | 0.8596725463867188
3576169992 | 0.9790341854095459
1302211625 | 2.1351404190063477
8119623708 | 2.406568765640259
7286059702 | 0.7650785446166992
7318286735 | 2.494079828262329
1238036370 | 1.1961143016815186
1225229089 | 5.85837721824646
3124925699 | 0.8789079189300537
3215731140 | 1.2778398990631104
5862840932 | 1.8497850894927979
2475221844 | 3.0395960807800293
7532465195 | 6.916891098022461
6453799462 | 0.006316184997558594
9897234049 | 8.135390043258667
9890229500 | 0.008524179458618164
5832880770 | 1.4617409706115723
3763772639 | 1.8264069557189941
9204854779 | 4.256110668182373
7471913975 | 4.950909376144409
8981669331 | 3.2002735137939453
8620527998 | 0.006362438201904297
4594567861 | 2.1118650436401367
1027014311 | 2.915285348892212
6473289203 | 2.5425102710723877
8590193968 | 4.436307907104492
5041950078 | 1.9006843566894531
7874783550 | 1.339545488357544
6681922960 | 0.0071451663970947266
9412664559 | 1.1574287414550781
3017612578 | 5.316754341125488
3433287248 | 4.9048380851745605
4335398958 | 6.1155853271484375
4811842230 | 6.767666816711426
5054832361 | 2.130574941635132
1856496153 | 0.06619381904602051
2359478759 | 4.885673761367798
7219561630 | 1.7614128589630127
5677038416 | 4.106838226318359
4058906183 | 2.871791124343872
3393411198 | 0.006931304931640625
9152067583 | 1.913332223892212
4267143654 | 0.7862253189086914
5057464595 | 0.008899211883544922
1583454438 | 1.0770397186279297
2709712306 | 0.007729291915893555
5414496974 | 1.3014860153198242
4858425069 | 8.33714246749878
5088587008 | 0.6943364143371582
8220237952 | 0.6518394947052002
3624416278 | 2.366888999938965
7943586505 | 0.9563086032867432
7848774323 | 1.9697179794311523
6450517559 | 7.095127105712891
4189028407 | 1.624845266342163
8400204100 | 3.6827735900878906
8069433222 | 1.7359590530395508
4273294649 | 2.357564926147461
1011801631 | 1.5256025791168213
6038777013 | 4.730037450790405
4186583130 | 4.571812391281128
4458867135 | 1.8239572048187256
8426994826 | 1.7711176872253418
1480418501 | 0.8605756759643555
6605324904 | 3.3145298957824707
7062055724 | 1.2749311923980713
2848524416 | 0.014702320098876953
9904348311 | 2.6835036277770996
8613872516 | 0.007276773452758789
6844015591 | 3.530700206756592
7255340758 | 4.932776927947998
6488157967 | 1.9831674098968506
2085343857 | 1.6155743598937988
2094227116 | 2.7372336387634277
7489395050 | 1.742666482925415
1071572027 | 4.8692755699157715
8013716120 | 0.012926340103149414
8142360996 | 0.6944000720977783
6790249946 | 4.435985326766968
1736595819 | 2.798302412033081
3339313896 | 2.8587324619293213
8721709804 | 0.008904218673706055
9081352446 | 3.423861503601074
4771199405 | 1.1080021858215332
2494219771 | 0.010176897048950195
2042426881 | 0.4517080783843994
1138528287 | 6.477566719055176
8685651403 | 3.09470534324646
4197674308 | 0.008435487747192383
3781474985 | 3.15242862701416
1937399815 | 4.740893363952637
6021097031 | 1.7269504070281982
7886092057 | 0.008638858795166016
1598298377 | 2.732480764389038
2304186675 | 1.4284746646881104
3972187552 | 4.461125612258911
6459415411 | 3.7032434940338135
8506186853 | 0.37839269638061523
4157364253 | 1.355154037475586
2263055064 | 0.006804227828979492
2992175402 | 6.079897403717041
4220328030 | 0.007942914962768555
4985674336 | 1.8657231330871582
5903508391 | 3.6051878929138184
8983451482 | 5.024567127227783
8324042652 | 1.690542459487915
4099909525 | 0.23723602294921875
4804379831 | 2.612215757369995
9917753009 | 1.563305139541626
9473099624 | 4.761379718780518
3176557985 | 4.821759462356567
2308253161 | 2.488055944442749
1908847319 | 7.084930896759033
1125941872 | 2.5346949100494385
3482374018 | 0.007325887680053711
8603306424 | 2.3983473777770996
7267791360 | 9.020675897598267
9550336141 | 1.3133103847503662
8182540516 | 1.8560230731964111
5972787797 | 1.7658913135528564
5231246226 | 2.276272773742676
9459483970 | 2.834061861038208
4080704009 | 3.748152494430542
8152522383 | 0.41144347190856934
8183342181 | 3.1556756496429443
5486364261 | 1.4428331851959229
7730545610 | 2.1490941047668457
9883395900 | 1.0782709121704102
9400418728 | 3.536487579345703
8467217983 | 5.001139402389526
6230608581 | 0.905066967010498
9512532833 | 4.635477781295776
6263328662 | 0.5135283470153809
3322918834 | 2.8088362216949463
4804015438 | 3.001112222671509
1735227290 | 0.8025002479553223
1379736941 | 2.2919259071350098
3783423461 | 2.4760048389434814
2432105717 | 2.4058423042297363
9483190748 | 0.006793498992919922
2054251608 | 4.52397346496582
3236318223 | 2.945781946182251
6907021903 | 2.601123809814453
1848969456 | 3.6948108673095703
7335121154 | 2.1837191581726074
4327539309 | 0.11731815338134766
2420464478 | 12.915749788284302
8762153015 | 1.5768914222717285
7937888587 | 1.8688201904296875
6378381380 | 2.3635952472686768
9681978054 | 0.007888078689575195
5384962159 | 4.690863132476807
2569994468 | 0.006737470626831055
4251645176 | 3.251225709915161
2241611041 | 1.2473695278167725
2293097533 | 3.6533749103546143
1736313524 | 4.136712551116943
5694304209 | 2.9306302070617676
6616071988 | 0.007250308990478516
3922310880 | 4.6894145011901855
1378251450 | 5.8055384159088135
2215554453 | 0.0067102909088134766
3843643162 | 3.0857460498809814
9895484951 | 1.5411944389343262
8839039392 | 1.1270906925201416
9499745756 | 1.7711451053619385
2272012855 | 0.672569751739502
6347919972 | 1.789017677307129
2862751191 | 1.2241616249084473
6672499480 | 3.7663493156433105
2122119321 | 1.6242694854736328
7754189780 | 9.703731536865234
1288287232 | 0.0066225528717041016
9712499467 | 0.670098066329956
7368366139 | 0.6837029457092285
9685756053 | 2.7026216983795166
3323211606 | 5.6651105880737305
4717157986 | 1.756998062133789
8924075038 | 2.6398744583129883
3567960194 | 0.9953453540802002
9155764802 | 0.007121086120605469
6940069180 | 2.3052616119384766
3763625938 | 0.5414385795593262
6247657077 | 0.0065271854400634766
1288747875 | 0.007308483123779297
7391035503 | 3.0577220916748047
2387040607 | 3.511300563812256
3084084193 | 5.797991752624512
9900730375 | 0.5470850467681885
1455028282 | 0.0066356658935546875
2479113490 | 2.4373557567596436
4271176202 | 7.217118978500366
7558232079 | 0.00860595703125
5371080521 | 1.4647033214569092
7843864947 | 5.509895324707031
2864243082 | 1.4403588771820068
7511579328 | 0.007124900817871094
2390245697 | 2.7879250049591064
8091399023 | 0.006268024444580078
2777159148 | 0.007381916046142578
9534458380 | 0.0075664520263671875
9628150648 | 5.96373987197876
6588196360 | 0.006162881851196289
8098069131 | 3.52492356300354
7668448453 | 0.007941961288452148
1067909066 | 4.924479722976685
9518632354 | 0.007351398468017578
6369225271 | 0.9740347862243652
3912991793 | 2.4423139095306396
3079491427 | 2.4720308780670166
6034484077 | 3.1000847816467285
5053147493 | 6.01505446434021
2926877246 | 9.223873138427734
8529390481 | 2.019169807434082
6579667770 | 5.389333963394165
9531611396 | 1.4792287349700928
8323432716 | 0.4271554946899414
8259595798 | 4.297877073287964
9744090573 | 0.008142471313476562
5141918034 | 4.0964484214782715
5202221632 | 2.58542537689209
7454332526 | 1.3070333003997803
9621037656 | 2.0422353744506836
9944198136 | 4.425375938415527
6065430411 | 4.9573893547058105
8928023736 | 0.43045592308044434
8701193129 | 0.008284807205200195
3212480448 | 6.080811023712158
9940668716 | 0.292346715927124
9153512792 | 0.7981595993041992
6844586701 | 3.847867965698242
8529797247 | 4.324046611785889
2257211373 | 1.6824750900268555
9581906499 | 0.4274747371673584
3045548791 | 0.9524250030517578
8590435716 | 0.7851581573486328
3133018584 | 2.1766884326934814
1227166283 | 0.008166074752807617
8168074061 | 0.6840393543243408
4479256067 | 3.728618860244751
9492941892 | 2.18847918510437
9495476419 | 1.200165033340454
9740050613 | 1.588637113571167
4614584967 | 2.8597452640533447
7420866566 | 3.581042528152466
8892314294 | 1.4588944911956787
4727926529 | 6.010135889053345
3260668885 | 5.104429483413696
7168465449 | 7.489675045013428
8420752286 | 0.0063135623931884766
7285325106 | 3.860222339630127
5976592574 | 1.365879774093628
2005692820 | 2.192117214202881
9598389647 | 2.600269317626953
7294466731 | 1.7448534965515137
7930438977 | 0.006079435348510742
5316796358 | 4.166412830352783
9420670502 | 4.360792398452759
9862647034 | 2.2049903869628906
9092448339 | 5.166863679885864
9432688994 | 3.088376760482788
8753920432 | 2.9372048377990723
3896408175 | 5.285844802856445
8823405791 | 2.2952005863189697
5376845440 | 2.368389129638672
2256283739 | 0.7565844058990479
9120174271 | 0.007477998733520508
2422724162 | 1.173351764678955
4214986140 | 3.7962749004364014
7278844953 | 0.6109344959259033
5616548521 | 2.1056435108184814
8065330219 | 1.89117431640625
4433014983 | 3.9914724826812744
9665108279 | 4.893090724945068
6146700274 | 0.007730007171630859
7804085206 | 3.937080144882202
1417736047 | 1.2588894367218018
7846522537 | 1.4659204483032227
3092994906 | 3.7898659706115723
3763498755 | 0.8652386665344238
4282056921 | 1.610522747039795
8695387154 | 3.0042481422424316
9342031632 | 0.0072057247161865234
9847789141 | 0.5970726013183594
1910466356 | 1.8275578022003174
9802547912 | 5.159790754318237
7720188274 | 0.0072519779205322266
5583687659 | 2.43158221244812
6550160573 | 3.445326328277588
7786294163 | 1.0964980125427246
1779512494 | 2.8156096935272217
6651988196 | 1.1238129138946533
4007281015 | 0.9970383644104004
2057531215 | 0.0074825286865234375
2203978264 | 2.277419328689575
9654026078 | 7.802450180053711
6364112923 | 2.120913505554199
3327534717 | 2.0971314907073975
2475923863 | 4.5800557136535645
7397720417 | 0.00724029541015625
8295835445 | 0.006097316741943359
3754855832 | 3.874253511428833
7876195758 | 1.7661259174346924
7619657339 | 1.3321959972381592
9082661780 | 0.007031679153442383
7058103976 | 3.0542049407958984
5034581839 | 2.3143489360809326
7803627693 | 0.7673530578613281
4542352607 | 4.510404109954834
7540913505 | 4.377441644668579
6300436414 | 0.008964776992797852
9433893473 | 0.43446803092956543
5813479921 | 5.894269227981567
3711077811 | 2.0843307971954346
4780969730 | 2.1226694583892822
6605868351 | 2.392317056655884
8646658614 | 2.0650413036346436
6412547757 | 0.9030625820159912
3190522637 | 7.900957345962524
7867975517 | 1.1208126544952393
5495838529 | 1.6797447204589844
5593129212 | 1.6526029109954834
6664963056 | 2.5673370361328125
7371430110 | 1.8656930923461914
6420982739 | 2.8487279415130615
6696717585 | 1.988332986831665
1152607101 | 4.698497772216797
7202498076 | 2.321742057800293
8265368949 | 4.649974584579468
5193079300 | 3.3181240558624268
5428373438 | 0.009355783462524414
4569489156 | 3.492249011993408
4434580331 | 6.24861478805542
4602379372 | 1.737762212753296
2924229171 | 0.011829853057861328
4572286538 | 2.634376049041748
5280809288 | 0.006990194320678711
7199415739 | 1.7933769226074219
9372846744 | 0.0070950984954833984
5500076514 | 1.1616528034210205
3453958819 | 1.7747523784637451
7775408183 | 0.006513833999633789
9208457501 | 0.5502519607543945
5483624975 | 1.8835227489471436
2408237357 | 1.66774582862854
3126430460 | 3.6266989707946777
4145798581 | 2.9390454292297363
7631764723 | 0.007287740707397461
6215661185 | 0.009499311447143555
9821203950 | 1.4903604984283447
3938384047 | 2.4104409217834473
3533169365 | 5.144525051116943
3942744249 | 11.631190538406372
6578179140 | 2.150628089904785
9062746698 | 0.0067157745361328125
9857147347 | 0.00757598876953125
2758847050 | 6.138494253158569
8552050634 | 3.589787483215332
5979838052 | 0.005886554718017578
2151207267 | 1.1940550804138184
6756849603 | 0.005460500717163086
6219689543 | 3.523308038711548
6892945198 | 2.9960665702819824
2048816813 | 0.007776498794555664
1399578178 | 2.400909900665283
6732815923 | 4.108379364013672
4835875468 | 0.006254434585571289
5059349634 | 3.0910727977752686
8295848219 | 0.010971546173095703
9859987191 | 1.5663361549377441
5500782869 | 0.007479429244995117
3250439445 | 9.397353172302246
5131585710 | 1.6670374870300293
7532989901 | 0.0069119930267333984
2428881934 | 6.6358819007873535
6490525756 | 0.00635218620300293
9817544058 | 0.005892276763916016
2433479771 | 0.5481393337249756
7531974303 | 9.730857849121094
8081551715 | 2.5663092136383057
5033903825 | 9.900755882263184
1163552718 | 7.183124303817749
3022379596 | 0.006472110748291016
4003980384 | 1.9966130256652832
1227749881 | 5.336428880691528
6153832142 | 0.5123565196990967
7249155881 | 2.3783929347991943
9141164133 | 2.925628185272217
9760822376 | 6.488964557647705
4716187271 | 0.9276506900787354
2627066084 | 3.9962403774261475
7544540720 | 0.007190704345703125
7734333893 | 0.00784921646118164
6240108535 | 5.240450620651245
2005738927 | 3.4766929149627686
6933859616 | 4.261965036392212
2208882347 | 2.281934976577759
3925711497 | 4.5336527824401855
1971911623 | 2.294780969619751
1760006978 | 0.009375572204589844
3290875339 | 0.007618427276611328
6958953101 | 1.3653852939605713
7833218133 | 0.006066799163818359
4294211449 | 4.11572003364563
1147187187 | 1.4861550331115723
5345834968 | 1.0326824188232422
5356176460 | 1.5730350017547607
3478192245 | 0.008042097091674805
3883863090 | 2.3541016578674316
9528669766 | 1.458611249923706
4783931838 | 0.7638578414916992
3602928246 | 1.1915132999420166
6594723731 | 10.216285705566406
1696841672 | 2.805933713912964
5426093027 | 0.8075480461120605
9725982905 | 5.750688791275024
8734331027 | 3.2504069805145264
6679444074 | 1.8674440383911133
9798299624 | 1.6674940586090088
6161269108 | 0.8417513370513916
4535066324 | 0.007775783538818359
6999641609 | 6.367643594741821
2969344321 | 0.008238077163696289
5048674221 | 1.1508114337921143
3218312666 | 5.114285945892334
8372145434 | 1.5489985942840576
5798590367 | 1.1476366519927979
4032498193 | 1.442251443862915
3641842646 | 2.2801640033721924
5848873089 | 2.0910325050354004
2397487657 | 13.263762712478638
6105097242 | 1.363109827041626
9204303617 | 1.083045244216919
9930037228 | 0.008250236511230469
5309090054 | 0.007726430892944336
7379912823 | 0.011502981185913086
8362589325 | 2.0250508785247803
9443553913 | 0.011773347854614258
5330263334 | 3.0273380279541016
7658878616 | 0.006838560104370117
7062886895 | 2.007112741470337
2150995852 | 2.4954333305358887
9410530240 | 4.108944892883301
7393327641 | 11.48892593383789
8239833419 | 5.156860113143921
8067576839 | 2.279587984085083
9955158309 | 14.606652736663818
7400864798 | 2.553741455078125
8092602316 | 0.5892422199249268
6085171697 | 2.4761905670166016
7079467992 | 2.667534828186035
3864655006 | 0.0073206424713134766
1393709664 | 0.008594036102294922
3487697251 | 0.0072858333587646484
4707635285 | 0.007635593414306641
8986814592 | 2.504446268081665
5785437218 | 5.195493459701538
8638836250 | 6.239521026611328
1767309055 | 1.2722539901733398
3281621734 | 3.0063767433166504
9415520890 | 1.1037917137145996
1422068501 | 0.006608724594116211
1113983791 | 1.7811520099639893
5857773750 | 0.006375312805175781
6725084743 | 3.3869385719299316
1041688852 | 1.5735435485839844
6525977580 | 8.034966468811035
6477201544 | 2.2464730739593506
3840024344 | 1.3516640663146973
1604074451 | 1.478646993637085
3967889076 | 2.3762247562408447
9252980250 | 0.7727224826812744
5646992998 | 3.2462384700775146
3831532070 | 0.008696317672729492
9168767453 | 1.385312795639038
8978668956 | 0.006449222564697266
3218023398 | 0.006424665451049805
7150407329 | 0.006643772125244141
4101658633 | 0.010800838470458984
1022720345 | 3.358354330062866
4823258936 | 0.6178092956542969
3377357321 | 3.2039883136749268
7349172329 | 2.835273027420044
9273971166 | 2.281690835952759
6313848277 | 2.128683567047119
9428862206 | 4.621324777603149
5391741697 | 3.186824083328247
5092142923 | 0.006410837173461914
2594622985 | 0.006009101867675781
7444375526 | 2.366692543029785
5330754965 | 5.4491472244262695
9574590592 | 3.6275370121002197
6560783349 | 0.007176876068115234
4966957516 | 1.3581748008728027
2761747473 | 0.9682314395904541
6642893401 | 0.008725166320800781
3625793555 | 0.007845640182495117
8647090861 | 1.491468906402588
4983562550 | 1.2711622714996338
3386946506 | 6.751506805419922
8111474286 | 1.876033067703247
9954324397 | 0.8192238807678223
3080400522 | 3.5863687992095947
7404283511 | 0.7080557346343994
2937983496 | 1.6739747524261475
8128616805 | 0.0069427490234375
2735032227 | 2.9816460609436035
4105587344 | 0.962986946105957
9138419170 | 2.439016103744507
4971946373 | 1.859487771987915
2875536660 | 1.63804030418396
7741165083 | 3.27738094329834
8288068081 | 22.48644757270813
6922562198 | 1.463108777999878
1057972241 | 9.371114492416382
6510241397 | 0.0069675445556640625
2294589287 | 1.3386116027832031
1552042264 | 1.2728822231292725
3396891316 | 1.3296921253204346
3341354096 | 2.7753732204437256
8358727173 | 0.00673365592956543
6055439288 | 4.291687965393066
5544478428 | 7.782603979110718
7098588404 | 0.0068395137786865234
6812803382 | 2.1579949855804443
2148097078 | 3.302647590637207
3343801673 | 2.437060594558716
4772445702 | 4.619354963302612
2630840365 | 0.010160207748413086
3342307724 | 1.8620045185089111
5718787929 | 5.906931400299072
5799520468 | 2.0827980041503906
1545878710 | 1.0499379634857178
3393812165 | 0.007019996643066406
5114810774 | 0.008792400360107422
7656859807 | 1.716644287109375
8987812828 | 3.7468349933624268
8271670482 | 0.008299827575683594
4837790877 | 9.304053544998169
2285395362 | 5.5991222858428955
9166993278 | 0.9448034763336182
8569131364 | 4.0144147872924805
3046333517 | 0.007851600646972656
1395093660 | 2.512732744216919
5318088380 | 0.8710896968841553
4900092721 | 4.580198287963867
4453270944 | 2.902360200881958
2022511784 | 0.9742898941040039
7330492409 | 1.8644192218780518
5566763681 | 2.36966609954834
8880471556 | 1.6221039295196533
7857339904 | 0.0069425106048583984
3807569718 | 0.00782918930053711
6909264753 | 4.398557424545288
1377782992 | 0.8775057792663574
5254494422 | 0.008411884307861328
2946650569 | 2.226519823074341
1221881487 | 0.011109352111816406
7765509377 | 4.817530393600464
1896856156 | 0.009902000427246094
6514163966 | 17.403843641281128
6991454406 | 6.2094080448150635
3084848002 | 0.006837129592895508
4607677262 | 0.010460615158081055
2618737548 | 0.010192155838012695
3049206861 | 2.94909405708313
1442809131 | 0.00706791877746582
6126331467 | 0.32074594497680664
8878889505 | 4.150828838348389
9463774640 | 1.8216230869293213
5910216215 | 2.2793407440185547
6562004579 | 3.5614583492279053
2936112909 | 2.2087242603302
5301932725 | 1.622981071472168
8360189501 | 7.5190489292144775
5322517342 | 0.7443115711212158
5969861740 | 1.5316567420959473
6559430911 | 0.9800417423248291
5802638873 | 1.1063342094421387
4876065205 | 23.333900213241577
4294755544 | 1.5519826412200928
3097214036 | 0.3283100128173828
1853842492 | 1.3446385860443115
5467477317 | 0.6025116443634033
1467555609 | 0.7547092437744141
8539716559 | 0.664778470993042
3253474467 | 3.3368053436279297
2468871045 | 2.2264041900634766
6397130078 | 4.757111549377441
5152274217 | 3.786036491394043
4867207747 | 0.9809672832489014
4858734961 | 1.4287426471710205
1578574044 | 0.008384466171264648
6712288710 | 2.86810564994812
1925310989 | 0.007299184799194336
3590472478 | 3.4573984146118164
7385636461 | 4.114883184432983
9307051722 | 1.8874578475952148
7680812753 | 0.8826196193695068
9891135062 | 1.5582215785980225
5080292837 | 0.008137941360473633
9382973465 | 2.341611385345459
5728336581 | 1.1995859146118164
5265832908 | 3.1184306144714355
2471183506 | 0.007255077362060547
8134890955 | 4.011599540710449
1404301596 | 3.136765480041504
9439473018 | 8.1906418800354
6269879159 | 4.0448596477508545
8521862451 | 0.008051872253417969
8652255910 | 1.338207483291626
5272571235 | 0.9591844081878662
1161483270 | 2.4894661903381348
7137578372 | 2.0765221118927
2384509239 | 0.005576610565185547
1291400348 | 1.3108487129211426
5340115549 | 1.7116048336029053
2637109530 | 5.018123626708984
7549110148 | 0.007479190826416016
1126859164 | 0.00732731819152832
4859710443 | 0.007629871368408203
3949755234 | 4.405925512313843
7968091586 | 1.3459417819976807
3304877116 | 3.0649235248565674
6377121557 | 8.511713027954102
5766797545 | 1.103938102722168
5566979934 | 1.2091097831726074
5965982517 | 2.4532618522644043
9692613014 | 3.100102663040161
4191407595 | 2.7243340015411377
1591676744 | 1.4471733570098877
6159409031 | 2.327620506286621
9342491881 | 1.6930153369903564
3464005711 | 0.34487438201904297
9843379309 | 1.4495995044708252
6378094928 | 1.1736340522766113
8066534677 | 0.007340431213378906
2874770416 | 1.7943742275238037
7552035307 | 3.92203950881958
8826622667 | 3.765503168106079
6866815373 | 0.6154227256774902
2307872538 | 2.419382333755493
1370121616 | 2.1757071018218994
3156104449 | 1.71364426612854
7257045310 | 0.6997153759002686
5208240074 | 2.386359214782715
5202114196 | 0.007274150848388672
9069512482 | 1.2847998142242432
7404716824 | 1.9042837619781494
1123276281 | 0.007444620132446289
3757847172 | 3.4860498905181885
8046792156 | 1.5609955787658691
8406750099 | 2.3781890869140625
8625379660 | 6.2044525146484375
9215442197 | 0.006741523742675781
7055214469 | 11.961184978485107
1591083110 | 3.550813913345337
8854391955 | 3.5377941131591797
7500716013 | 1.0309748649597168
8626845640 | 1.2341744899749756
3409720414 | 1.3089330196380615
7436499329 | 3.240065574645996
2372986178 | 0.010730266571044922
8050064285 | 2.824052572250366
8547536777 | 6.880657434463501
8951035886 | 2.159937620162964
7932105145 | 2.8651208877563477
3973957431 | 7.359576940536499
4417591171 | 0.7294440269470215
2784172186 | 3.7893612384796143
4920581937 | 1.1845946311950684
4760329731 | 0.7568464279174805
6094948875 | 2.1219935417175293
1072917801 | 0.36493635177612305
7228141762 | 4.049249887466431
8861691145 | 1.673368215560913
6638520485 | 1.410275936126709
9943126747 | 0.6351022720336914
7973989520 | 1.4622931480407715
8876896948 | 0.007542848587036133
6322045509 | 1.9980971813201904
6802661339 | 1.7212550640106201
2691155056 | 5.435022830963135
6988516302 | 1.6859641075134277
3781845203 | 0.0068857669830322266
9598139025 | 11.54718565940857
6791343392 | 4.214594841003418
3925390321 | 0.00701141357421875
2473788719 | 7.255732774734497
9014363877 | 1.758044719696045
9967375025 | 3.8465383052825928
5634574514 | 0.6453557014465332
9820567149 | 2.505967140197754
2968561480 | 1.0274882316589355
9272146374 | 0.673736572265625
3324052827 | 1.1791508197784424
7697842163 | 2.022135019302368
7369608679 | 0.46814441680908203
7039701183 | 2.3835642337799072
6107610185 | 5.094048738479614
7051537598 | 8.195780754089355
9613925318 | 3.5735950469970703
2537902606 | 0.007143497467041016
8489262253 | 2.2420337200164795
8055622926 | 4.270301103591919
9976111378 | 3.344043016433716
2835178769 | 0.00910186767578125
2717919914 | 13.799644231796265
5313876807 | 3.56248140335083
4330018777 | 0.007079124450683594
3305892215 | 0.8563494682312012
9466991749 | 4.521774053573608
3363749769 | 1.3067350387573242
7518150518 | 3.3631081581115723
9526658796 | 2.656277894973755
4961514635 | 0.6178479194641113
6894704475 | 0.007096767425537109
4166230256 | 3.6242685317993164
4322282376 | 0.007441520690917969
6856700122 | 0.510185956954956
6600346476 | 0.9103398323059082
6692430039 | 2.59926176071167
4452669875 | 0.007703304290771484
8910379303 | 2.4693105220794678
2578288150 | 0.00999903678894043
3336241373 | 2.407133102416992
8970944561 | 5.790366172790527
9967586202 | 0.9105222225189209
3725085852 | 0.006651639938354492
9833874631 | 1.7895879745483398
1808917692 | 8.906153917312622
6551965647 | 1.2228379249572754
8634603576 | 3.844604253768921
6931136039 | 1.7419049739837646
2763212095 | 0.3699915409088135
3274337669 | 2.627885103225708
3368983888 | 3.9245522022247314
4495718928 | 2.350114583969116
5270093131 | 2.0949323177337646
2695017967 | 1.3669190406799316
9508332546 | 12.51032829284668
8373515061 | 1.7565090656280518
4635603058 | 2.0755507946014404
6023265692 | 0.007578372955322266
4366496034 | 1.96998929977417
6152262200 | 4.961654901504517
5707296564 | 2.740110397338867
6847679805 | 3.360699415206909
2115350616 | 8.019690036773682
5669846517 | 1.9813072681427002
1683318177 | 0.9099500179290771
5166470105 | 3.7182674407958984
9028844517 | 0.862224817276001
6138257087 | 5.4629271030426025
3055199527 | 0.007478475570678711
1626439113 | 3.016218423843384
8132932213 | 0.005507230758666992
3180341511 | 1.6845269203186035
8678371419 | 3.851290702819824
2770635960 | 4.145028352737427
2676452930 | 1.179276704788208
5078567756 | 0.007153034210205078
1319956490 | 0.007085323333740234
6026472923 | 0.7966275215148926
6198168987 | 4.03143048286438
8290849470 | 0.006281137466430664
6396241030 | 0.9855136871337891
5231669837 | 1.3345046043395996
9516132209 | 3.0770418643951416
3724404482 | 1.8351662158966064
8339614890 | 0.007426261901855469
1677589978 | 3.5503501892089844
1779664835 | 4.311722993850708
9757928076 | 0.3856790065765381
2669175262 | 0.9888925552368164
7746751401 | 4.039060354232788
8201408047 | 0.9083700180053711
1623575956 | 1.676039218902588
7841112202 | 2.880779981613159
1362323559 | 3.0363709926605225
1044091951 | 2.4887545108795166
4043609162 | 5.379241466522217
6494246152 | 2.2257564067840576
9894716446 | 1.8309252262115479
8934471036 | 0.007847309112548828
4897498481 | 3.415454387664795
8512273402 | 0.15120172500610352
4263742941 | 7.021154165267944
5893284159 | 3.1487889289855957
4222227686 | 0.006582736968994141
4863364633 | 0.8052821159362793
8718903889 | 0.523141622543335
4031227089 | 1.808020830154419
4423790244 | 0.9433784484863281
8233457221 | 15.324270486831665
9049280861 | 5.721948623657227
1707399142 | 0.008237838745117188
1141883054 | 6.400955677032471
5016083215 | 1.523568868637085
9333366816 | 2.1420421600341797
4964554490 | 2.241983413696289
4956716773 | 0.008099555969238281
6276681516 | 3.49871826171875
2182541701 | 2.151749849319458
4904201176 | 2.6655473709106445
7695260631 | 1.8150551319122314
5185746920 | 0.006399393081665039
3945875683 | 0.006512641906738281
3672294547 | 3.5692057609558105
3848900183 | 2.0363950729370117
2687812379 | 3.718658208847046
5275154533 | 1.9607324600219727
3026818629 | 1.1101481914520264
1922287440 | 0.34949326515197754
2647573955 | 3.0130093097686768
1854914523 | 2.3249809741973877
6196172179 | 1.6442198753356934
1450035734 | 4.931359529495239
8487859174 | 0.006996631622314453
4355751116 | 1.0924086570739746
8257961802 | 4.777121305465698
3318698411 | 1.3550357818603516
3485080992 | 7.6016480922698975
2291885780 | 0.7553718090057373
8626216222 | 7.087815523147583
8944776077 | 4.270685195922852
5008853342 | 1.8129796981811523
7689931265 | 4.702756404876709
6318719117 | 0.8163342475891113
5678490357 | 3.626596450805664
8380085134 | 1.1189634799957275
4750397823 | 2.744511365890503
4509681043 | 0.7763597965240479
9458613214 | 0.0074503421783447266
3449104494 | 2.1251139640808105
6259830143 | 1.708857774734497
3085590074 | 1.766014575958252
5226485228 | 0.819359302520752
5630859029 | 1.6000819206237793
4184523014 | 0.007742881774902344
3968659970 | 0.006497621536254883
4659676291 | 1.3036437034606934
6367074797 | 4.896545648574829
6504314513 | 6.9520180225372314
7080377034 | 8.307031869888306
2790026634 | 2.7610912322998047
4177894267 | 0.5820693969726562
9800633274 | 1.8556914329528809
3267027076 | 5.363559722900391
7177849258 | 0.984349250793457
1167003411 | 1.345822811126709
8892214507 | 3.9988157749176025
7009187020 | 3.635770559310913
5079042202 | 0.5801825523376465
4516952665 | 4.275557279586792
4892019230 | 4.558662414550781
3628059847 | 0.006440162658691406
8388108719 | 2.648995876312256
1755299735 | 2.3481264114379883
4044169355 | 4.562662124633789
1983266921 | 3.991643190383911
8160517910 | 5.62904953956604
2329330265 | 6.282217979431152
5826466687 | 2.174924850463867
1504573478 | 0.5463333129882812
1203522587 | 0.8512227535247803
4441287303 | 2.710751533508301
8261786392 | 1.505277395248413
7124719459 | 1.224794864654541
5404981460 | 0.00962519645690918
4515330680 | 1.2061681747436523
7459748277 | 5.798145055770874
1556793106 | 0.005839824676513672
7814405518 | 1.6512329578399658
9105883623 | 1.6169662475585938
1252368459 | 1.6259307861328125
5996599980 | 0.005682706832885742
5257745738 | 2.101147413253784
6494174287 | 1.7851231098175049
3454849864 | 4.373337984085083
9317076290 | 1.6030542850494385
1218066947 | 2.070601224899292
4575018791 | 0.008428096771240234
8940518887 | 5.662507772445679
9311450318 | 3.8440678119659424
1545130215 | 0.007748842239379883
2190328725 | 3.3397414684295654
1351596580 | 0.6743519306182861
4376910836 | 3.2231552600860596
1065179930 | 1.2496414184570312
3408659099 | 6.313714504241943
9674924644 | 1.3393471240997314
4410237020 | 1.3939673900604248
6798215977 | 14.02954888343811
7832244482 | 4.372959136962891
5157536012 | 5.454856634140015
4098683692 | 0.7820298671722412
3627919103 | 1.8519771099090576
7763285510 | 3.3795065879821777
9304284008 | 0.006838560104370117
9052789897 | 0.007189035415649414
4428350257 | 4.158792495727539
2245868102 | 0.00756525993347168
1338960875 | 0.0072479248046875
5015389290 | 3.2466862201690674
5888848068 | 10.546575546264648
2651670226 | 1.1503350734710693
9595273084 | 1.979088544845581
6464162820 | 2.8823344707489014
7893956267 | 4.448365926742554
2463714344 | 3.028935194015503
2769060029 | 2.729780435562134
3069905008 | 0.8559536933898926
9704346841 | 1.1651160717010498
6226182804 | 1.7439208030700684
4231439558 | 2.704139232635498
8266688208 | 0.6517300605773926
5065563000 | 0.6399428844451904
9302372143 | 1.024874210357666
4397404773 | 0.5966415405273438
4688273891 | 2.3921396732330322
9873599161 | 4.804963111877441
3746178119 | 0.007329702377319336
7789955184 | 4.057360649108887
5866272499 | 1.6570470333099365
9985526274 | 1.4959824085235596
8700064036 | 0.006201505661010742
5735085658 | 2.55375599861145
9320245524 | 2.737156867980957
8992303457 | 1.7986984252929688
9297118653 | 4.875901937484741
5968026898 | 2.110119104385376
4885538210 | 5.295914173126221
6681248324 | 2.197287082672119
3321224362 | 1.363835096359253
9017319164 | 2.9883179664611816
8735045492 | 3.1765801906585693
6447710735 | 2.5453617572784424
8126614219 | 2.1047394275665283
7235108640 | 0.008108139038085938
8685364044 | 3.6318295001983643
9217004827 | 2.9797401428222656
3122334422 | 0.9751081466674805
5188318545 | 0.6582846641540527
3292936437 | 0.009824037551879883
2382769034 | 1.401418924331665
3417260375 | 1.6006128787994385
8477797459 | 1.6512622833251953
3980018079 | 7.033404350280762
3521841563 | 3.3149094581604004
5193770444 | 3.2769317626953125
2663836786 | 0.007550239562988281
9855037731 | 0.9391961097717285
9449614342 | 0.464435338973999
3719456663 | 0.008487462997436523
6980993918 | 1.0552079677581787
7575711480 | 0.6810531616210938
9290115797 | 0.005788326263427734
2323945229 | 2.0274131298065186
8407314778 | 1.7764043807983398
1377654757 | 1.0451807975769043
4524999478 | 1.2832939624786377
8399041306 | 4.498427867889404
8553283791 | 4.304084539413452
7499773063 | 1.6838922500610352
4670036132 | 0.00669407844543457
2499405899 | 4.7849647998809814
7108288622 | 1.7001056671142578
9011222396 | 1.2981667518615723
6205326950 | 2.4128875732421875
3834240108 | 3.392611503601074
3651198244 | 7.268949031829834
7728988274 | 7.046585321426392
4100569802 | 3.20434832572937
4021916378 | 2.0082530975341797
4202873160 | 2.897976875305176
9632506815 | 13.043121099472046
3811679925 | 4.7954511642456055
9766384952 | 0.4252798557281494
1077172986 | 2.253230333328247
1555193289 | 0.007825613021850586
1575518023 | 6.613599061965942
3249933266 | 8.440050840377808
7270037622 | 0.46695446968078613
8842534959 | 0.7867143154144287
5408297481 | 1.7286090850830078
2816885258 | 0.007615327835083008
2332764583 | 2.189868450164795
7559348637 | 2.5058939456939697
8847220882 | 16.525320291519165
8755124162 | 15.271717309951782
1202696506 | 1.5569825172424316
3858243598 | 1.536576271057129
5005945440 | 0.006849765777587891
3352666976 | 1.6329004764556885
5000598540 | 1.6878306865692139
6597181325 | 0.008883476257324219
8806034305 | 2.237727642059326
7445665163 | 0.0073049068450927734
8629059574 | 0.007836103439331055
1410884414 | 1.8998100757598877
6068896355 | 2.2585346698760986
1573273108 | 0.00702357292175293
1728361729 | 0.006455898284912109
6313719702 | 3.8916540145874023
5506944426 | 3.285585641860962
2959275506 | 4.3187479972839355
8685259795 | 2.896721601486206
9057397018 | 1.341623306274414
6508609198 | 0.5861973762512207
6909570423 | 2.4790077209472656
2909925591 | 1.3545405864715576
4195794085 | 0.007909297943115234
5662293745 | 5.612300395965576
7335380055 | 4.983806848526001
3938218927 | 4.73038125038147
7202770699 | 7.7818074226379395
4021864593 | 1.4670257568359375
1453401216 | 1.4079277515411377
2871265548 | 0.008394479751586914
5139572209 | 0.4689023494720459
3617829944 | 1.5378296375274658
8273736710 | 0.008830070495605469
8051178624 | 1.965437412261963
8945216641 | 0.0074748992919921875
2865000487 | 3.458406686782837
6280785680 | 0.007959842681884766
6271032409 | 3.4923744201660156
1035054153 | 5.166435241699219
8802990069 | 2.0595240592956543
2498880583 | 0.5467145442962646
2750146336 | 1.2858352661132812
3457092294 | 1.1083080768585205
7260389809 | 4.012810707092285
3426718613 | 1.9853649139404297
6516996004 | 2.3711438179016113
4537676133 | 2.0586180686950684
9761932639 | 3.6743733882904053
9622862950 | 2.3307480812072754
9370372941 | 4.0844950675964355
4702590726 | 0.009762287139892578
8582807913 | 5.518370628356934
1262021849 | 1.9454526901245117
1649375198 | 1.1891984939575195
4399970969 | 8.270478010177612
7781108101 | 4.155064582824707
9560085344 | 1.7411017417907715
8453861066 | 3.2975211143493652
8972566170 | 3.4279792308807373
4147848983 | 0.006894350051879883
6816977355 | 2.593754291534424
1623543121 | 3.6110308170318604
5023524823 | 5.294779062271118
2992656906 | 3.387519598007202
4311017926 | 0.007320404052734375
5331846373 | 0.006704092025756836
4825481812 | 3.2725861072540283
9749984970 | 0.012169837951660156
4289804999 | 0.008566617965698242
3660789103 | 2.8389127254486084
8898014584 | 9.038154363632202
5937099803 | 7.932500600814819
6866118806 | 2.7682673931121826
9610933583 | 2.0256400108337402
5692981930 | 2.975092887878418
8596717920 | 0.006243467330932617
2387848912 | 1.2441763877868652
4129031829 | 4.783988952636719
9041104972 | 1.0926671028137207
6538703457 | 2.501497268676758
7194890241 | 0.728614091873169
4516548870 | 0.007903814315795898
3219304318 | 6.797104597091675
1025856365 | 0.9141039848327637
1430296988 | 2.2321057319641113
1768853125 | 6.159607648849487
7142776375 | 5.203519105911255
9091103035 | 3.943586826324463
6361349087 | 4.268389701843262
3308170640 | 0.8345203399658203
7910116898 | 3.669142961502075
2396409412 | 6.684493780136108
2579749318 | 1.2989778518676758
4156677911 | 2.2653279304504395
1009040181 | 1.4442694187164307
2397242968 | 3.0182459354400635
6779353758 | 4.5580549240112305
5935222286 | 3.601539373397827
3141407025 | 2.4106764793395996
2047406597 | 2.7280280590057373
6969999482 | 0.008065223693847656
6049159254 | 0.007990121841430664
3341968600 | 2.5749528408050537
4679107741 | 2.9943370819091797
8901900344 | 0.30928778648376465
4429920227 | 2.6824560165405273
3930821969 | 1.948272466659546
9801206094 | 2.8728737831115723
3948690203 | 0.7301833629608154
2766322217 | 4.165950536727905
1156469135 | 3.2029948234558105
4448242358 | 0.005847930908203125
2359661691 | 0.004832744598388672
8126206440 | 0.8862721920013428
2597568891 | 1.2986984252929688
3935683361 | 2.5873467922210693
7890948308 | 9.469485998153687
9334304556 | 6.691391944885254
2015665382 | 1.2083497047424316
8334998721 | 3.0402908325195312
3312833279 | 4.045618057250977
9089473774 | 2.5686450004577637
4413987100 | 0.013601064682006836
4850171701 | 3.0721545219421387
7430346693 | 4.940726280212402
1060820568 | 0.008781909942626953
6759974641 | 4.220731019973755
2151935690 | 2.5070035457611084
7651354431 | 3.392686128616333
5808312587 | 2.4569597244262695
1884322559 | 1.2935118675231934
8836458983 | 1.4649085998535156
8970386289 | 3.3108255863189697
9718974185 | 1.485135555267334
5810172085 | 1.8660669326782227
7390683275 | 1.6141624450683594
4810921114 | 3.210986614227295
5248989475 | 0.911024808883667
8122419342 | 3.3380067348480225
5076539303 | 0.013379335403442383
3008979395 | 0.013528823852539062
9937483214 | 0.8895094394683838
8745337959 | 2.5426931381225586
8601589812 | 0.011244058609008789
1325181042 | 2.7482099533081055
4760262455 | 5.9616379737854
8676970186 | 1.7483711242675781
1862479329 | 2.7784714698791504
2952496812 | 3.9465692043304443
9810626756 | 1.3380098342895508
6109240998 | 2.0532429218292236
3053114271 | 2.157773494720459
7868476269 | 2.2984325885772705
7929742833 | 1.6762564182281494
7449029874 | 2.438131332397461
3400904260 | 1.580413579940796
9775347347 | 3.2505338191986084
5505243107 | 1.3676514625549316
3178158336 | 4.866050720214844
4439213620 | 0.008576631546020508
4932561297 | 0.8218786716461182
6701389133 | 1.187840223312378
9185742411 | 2.720439910888672
3561348271 | 4.2365899085998535
6333702541 | 2.4065487384796143
2325868718 | 1.6552734375
7354448087 | 3.6240694522857666
2536364961 | 4.926062345504761
7545528913 | 5.124926805496216
6434659342 | 1.9561576843261719
1759214617 | 4.255223751068115
5762829920 | 1.5717871189117432
8388331185 | 0.007172822952270508
8767738495 | 2.9923064708709717
8936521156 | 2.250669002532959
6019914856 | 1.7557165622711182
1790856069 | 0.6623239517211914
4337608644 | 3.4221601486206055
9823467526 | 6.0014121532440186
7414560594 | 0.6812341213226318
2972309073 | 3.311573028564453
8820183822 | 2.065570831298828
6603679840 | 3.4412145614624023
3869547227 | 2.8079802989959717
9941532902 | 2.054727792739868
4519786621 | 0.4393951892852783
8712006205 | 1.630965232849121
5049342654 | 2.4959707260131836
8151932674 | 6.829488515853882
9999447644 | 1.7678890228271484
9157415144 | 3.5274693965911865
1056502431 | 0.8381056785583496
6876318699 | 2.9251792430877686
6834037628 | 2.1473548412323
8708605730 | 6.503987789154053
1888570860 | 2.381880521774292
4775977913 | 3.033074378967285
5167072238 | 4.081048011779785
7406875966 | 3.127896308898926
7832899920 | 0.006777763366699219
6368339021 | 8.912869691848755
3402698258 | 1.0357792377471924
8939813340 | 4.231887102127075
4062798336 | 2.071937322616577
3969110111 | 1.5875942707061768
2176846041 | 0.00633692741394043
3467168808 | 0.006903409957885742
9044859814 | 2.426800489425659
5832429021 | 5.417669296264648
3718513776 | 2.2763547897338867
3923537229 | 1.0989148616790771
7649452707 | 1.9790613651275635
5968148048 | 2.9561338424682617
7385053674 | 3.153806447982788
1479022548 | 1.4571037292480469
2673375982 | 0.013206720352172852
5472084428 | 0.8184628486633301
7894097714 | 2.279115915298462
2799255621 | 0.00684666633605957
6280077040 | 8.168381929397583
1680175682 | 4.135277509689331
5439254575 | 3.1491055488586426
1130693885 | 5.032706022262573
5825170138 | 3.722853183746338
2196759297 | 0.9945154190063477
5856056251 | 2.276606559753418
7509076718 | 1.0594394207000732
5669265474 | 1.7410409450531006
9893496253 | 1.8511114120483398
5583056584 | 2.7395050525665283
8927238749 | 3.9870238304138184
5366643140 | 0.9725792407989502
6313489351 | 0.007086515426635742
5523250814 | 5.989063501358032
1626540140 | 0.012100934982299805
9997553628 | 1.1897649765014648
5786633094 | 0.007849454879760742
2844050363 | 0.009986400604248047
4873865134 | 0.6837718486785889
3609673947 | 15.798832654953003
4113825224 | 3.821138381958008
4407822598 | 6.7545061111450195
1719302223 | 1.7279155254364014
7160059996 | 0.008231163024902344
7561310199 | 1.8230574131011963
6418583504 | 3.0833330154418945
7504405993 | 1.570298671722412
7524885099 | 0.006281375885009766
9845784920 | 4.87953782081604
4211648019 | 0.9662015438079834
1796739491 | 1.2106647491455078
8325179908 | 2.8661208152770996
8231410480 | 4.3555474281311035
5877116671 | 2.4674813747406006
4953010432 | 1.5179352760314941
9299095730 | 4.57246208190918
2391519889 | 1.4345481395721436
2719621466 | 8.07399034500122
1260522701 | 4.420251131057739
9085816392 | 1.4916045665740967
5042611788 | 1.710747241973877
4762681519 | 0.009885549545288086
3756406424 | 5.373458385467529
1289987299 | 0.6703453063964844
5420230393 | 4.742444753646851
2540965279 | 3.153966188430786
3682680085 | 0.0065386295318603516
4890536532 | 2.535137891769409
7885569320 | 2.7891383171081543
3679141158 | 0.007649421691894531
8888331009 | 0.7085881233215332
1436453382 | 2.078019142150879
6859856472 | 0.0063838958740234375
1257685736 | 8.679267406463623
4619660694 | 4.232493162155151
6294006600 | 0.013911247253417969
8310052197 | 12.103671073913574
3393202562 | 7.908353090286255
6781308746 | 3.3283092975616455
5816982267 | 1.0398027896881104
2264732882 | 1.3799858093261719
2440348874 | 1.2777113914489746
2081211904 | 1.1211950778961182
5250661175 | 2.4043819904327393
4047177230 | 1.8044061660766602
2939559133 | 1.6125705242156982
3323228145 | 2.4614615440368652
7348715579 | 2.3080713748931885
1214004098 | 0.31697583198547363
2159654621 | 2.2016820907592773
6457150728 | 1.5241189002990723
1050100899 | 1.5607550144195557
1483353584 | 8.282501459121704
9267360223 | 1.5454027652740479
4568667194 | 2.72501540184021
6388866661 | 0.007333517074584961
1135324635 | 4.65825343132019
5584421777 | 3.3783063888549805
7393563588 | 2.3344414234161377
3771090336 | 3.7043190002441406
6549450763 | 3.6913113594055176
9791842658 | 1.7041015625
3956307246 | 1.9077601432800293
6750941933 | 3.2794086933135986
9025409935 | 3.4563353061676025
8558450004 | 2.591601610183716
8893560793 | 1.5059924125671387
8244353678 | 0.006266355514526367
3774003070 | 1.6434545516967773
7301264445 | 8.36966609954834
8172438594 | 4.363597393035889
5759336984 | 0.00793147087097168
1345587999 | 3.0911314487457275
1265244796 | 2.097789764404297
7317670876 | 0.9631171226501465
3335607444 | 0.008381128311157227
8398634640 | 3.4190635681152344
3243574473 | 2.343209981918335
4630037326 | 1.781700611114502
7169086721 | 7.929926872253418
5603134044 | 2.0424492359161377
7506709288 | 5.054195880889893
6098943388 | 0.00659632682800293
8027433347 | 2.706911325454712
2093880967 | 6.001623153686523
2159960349 | 1.113898515701294
4269294853 | 1.0181059837341309
4019936282 | 0.9015758037567139
4136231236 | 0.007658243179321289
6262249813 | 1.7141594886779785
9909284014 | 0.0070819854736328125
1456782017 | 1.6791789531707764
4459771620 | 3.5667316913604736
8263934842 | 3.1931891441345215
9549170266 | 1.1855719089508057
4991709319 | 2.227451801300049
7509639715 | 7.765625238418579
4226656983 | 2.5719783306121826
4910697113 | 4.513490676879883
8142022319 | 2.7638614177703857
1749293159 | 2.8124449253082275
1153476894 | 3.716646194458008
7447306405 | 0.8754065036773682
3390102215 | 2.442513942718506
6443307446 | 2.301915168762207
6615175558 | 0.016777753829956055
6369325170 | 3.3096752166748047
5374540208 | 0.6786806583404541
9039005375 | 7.511878252029419
6105768452 | 1.4437954425811768
7172201745 | 2.1496899127960205
1885825380 | 1.7992651462554932
7768737579 | 0.15627431869506836
2607851218 | 1.5356156826019287
6123561476 | 0.009101390838623047
1916366376 | 0.0075261592864990234
9560938490 | 3.4019675254821777
2930214360 | 1.9044413566589355
1376751091 | 4.258737325668335
2843470227 | 0.8319520950317383
2331716506 | 2.7777183055877686
7951479807 | 6.079843521118164
9512442070 | 2.806522846221924
3215410532 | 11.360424757003784
1795112777 | 1.4124860763549805
1000039149 | 2.448470115661621
5516851414 | 0.006269693374633789
6386852058 | 1.4657530784606934
7985239023 | 1.338489294052124
1235283201 | 2.7844908237457275
2091303993 | 0.011425971984863281
5666822559 | 2.7975800037384033
8292981630 | 1.407921314239502
8172269632 | 5.7701616287231445
1861800313 | 5.37890100479126
4473864393 | 2.300596237182617
9175743944 | 1.6910321712493896
3844499983 | 2.6026196479797363
3414432646 | 1.1986899375915527
8148139079 | 2.1888444423675537
6608719159 | 4.330367088317871
8008521811 | 2.14430832862854
8006401210 | 5.740183115005493
2750318288 | 1.725022792816162
5023620119 | 1.9378149509429932
3016726695 | 4.795871734619141
4233554567 | 0.008487701416015625
4971740846 | 1.188741683959961
1038577404 | 1.3997163772583008
1651401088 | 6.631713628768921
3504722448 | 0.8270304203033447
4854211820 | 0.009129762649536133
5214690960 | 0.6928524971008301
2727441023 | 4.971693277359009
7959987722 | 3.200997829437256
6499247200 | 4.466174840927124
7351845631 | 2.8548624515533447
2114784449 | 0.007393360137939453
2418059976 | 6.635022163391113
3220880722 | 0.007759809494018555
2810579166 | 1.348684549331665
3292151179 | 0.8939838409423828
7783444440 | 1.5182723999023438
3001192472 | 2.4079315662384033
7990503193 | 2.5724031925201416
3138900048 | 3.2294888496398926
1671497385 | 1.7542564868927002
2808143650 | 5.965960741043091
2232006718 | 2.311401844024658
9370021931 | 4.620842933654785
6851855291 | 0.8023369312286377
3687010968 | 3.5423755645751953
1772039598 | 2.119617462158203
2677299901 | 2.6132614612579346
3921499730 | 1.9471917152404785
7717062627 | 6.120211362838745
9775226092 | 0.006231784820556641
5650697521 | 1.5020241737365723
6370018245 | 2.731292486190796
5336264683 | 10.718334913253784
9522565848 | 0.34636974334716797
4873387839 | 0.9202594757080078
2740330613 | 1.849682092666626
8387324852 | 2.854027271270752
3518956261 | 7.042900562286377
1242506257 | 2.2483694553375244
7415661607 | 2.144094944000244
6298354057 | 3.837778329849243
6782385873 | 0.6313164234161377
8815442229 | 4.159914255142212
8344942023 | 2.451205015182495
1459229114 | 13.577345132827759
5689166090 | 0.8795199394226074
5916833472 | 0.010275125503540039
3568522065 | 2.3032774925231934
6952288749 | 2.776638984680176
8132493631 | 0.010288715362548828
8988067122 | 2.585211992263794
1882847437 | 9.236445426940918
3758680115 | 0.7662246227264404
3877218932 | 1.1643033027648926
1751743568 | 1.8963510990142822
3873740935 | 2.4318807125091553
2505056168 | 1.6266286373138428
9474277269 | 2.458061695098877
3920840076 | 0.8930931091308594
6369838499 | 4.153254508972168
1666266785 | 2.3776931762695312
2635190754 | 5.325258493423462
1749363425 | 1.0991878509521484
6471562658 | 0.007831811904907227
7016522853 | 30.673043727874756
8630101503 | 2.2739269733428955
6685894304 | 2.3223984241485596
5474539668 | 0.6229240894317627
3625029223 | 1.4548814296722412
5214286671 | 4.379668235778809
4378179777 | 5.072772264480591
9180583798 | 0.8458771705627441
3589373007 | 0.008771657943725586
7722017264 | 2.9562625885009766
6369074517 | 2.101087808609009
3282499080 | 1.3279519081115723
2005366416 | 6.326317310333252
6921134529 | 0.008390188217163086
4790528874 | 0.006675243377685547
5190971032 | 1.2855165004730225
5230756946 | 3.9654321670532227
4050632806 | 19.01788306236267
4179696471 | 4.472909450531006
4863567721 | 1.1995353698730469
2598035455 | 0.9347002506256104
3397147774 | 3.744715929031372
9932772848 | 2.2421340942382812
6087521494 | 5.267251014709473
8872477446 | 7.208704471588135
5077552524 | 0.007510185241699219
4315130544 | 2.568824529647827
9089655917 | 0.7316889762878418
7921424489 | 1.9349491596221924
5256219179 | 0.6467933654785156
3941808412 | 0.00854039192199707
5622471752 | 0.008890628814697266
1211541770 | 2.59934663772583
4605111032 | 1.1370205879211426
2020690787 | 2.3729360103607178
6104395091 | 2.170527696609497
3060334215 | 1.052781581878662
3904685599 | 2.0780084133148193
6939342112 | 2.091053009033203
6304439709 | 1.9906647205352783
5835867479 | 2.8597826957702637
6926424189 | 1.084939956665039
7983355182 | 2.544469118118286
5686262312 | 4.679106712341309
5603639726 | 0.0074808597564697266
2034905626 | 1.3111615180969238
1386635848 | 2.3902854919433594
4279348099 | 0.009657621383666992
3538781921 | 0.007630109786987305
4328819456 | 0.009284734725952148
3082562414 | 1.0962638854980469
4427866419 | 1.3048057556152344
5213291694 | 0.006577253341674805
5821775744 | 4.853812217712402
1038723307 | 1.85660982131958
2435524887 | 0.7643511295318604
4978865229 | 0.007242918014526367
4767550891 | 13.762397766113281
9833060300 | 2.8709638118743896
6054273703 | 0.7980790138244629
8873781071 | 0.6792449951171875
7132761741 | 1.8326516151428223
1800134511 | 4.927289247512817
4449075170 | 3.268115997314453
3917151934 | 2.625635862350464
4395051936 | 3.605652093887329
6615172076 | 0.9353775978088379
1731486297 | 2.8965039253234863
3443206380 | 8.200956106185913
1814051999 | 2.1095175743103027
4752936296 | 0.42990612983703613
7658810690 | 0.5814197063446045
8885193263 | 2.6566810607910156
1884673149 | 0.4630582332611084
8262977594 | 0.007071971893310547
5955600166 | 1.076498031616211
3315681271 | 3.8259129524230957
4135789833 | 1.2998590469360352
4655715387 | 1.454030990600586
4192231339 | 2.5852105617523193
6211012134 | 0.007175445556640625
6989850946 | 3.529409170150757
2971690654 | 0.007195234298706055
2911850520 | 1.0868182182312012
7835539310 | 1.4723625183105469
8794795200 | 5.305257797241211
4041847690 | 0.00649714469909668
6659700449 | 1.1740515232086182
4002426187 | 1.7377090454101562
8270278504 | 2.495239496231079
6284243064 | 13.599294662475586
6578862907 | 2.1369411945343018
6313379167 | 0.24519872665405273
8906364534 | 4.291294574737549
8068788119 | 0.013430595397949219
7613966760 | 1.0657474994659424
7247511773 | 4.175800800323486
3372324181 | 1.3593661785125732
7491587068 | 6.058986186981201
5835975772 | 1.8857753276824951
8877673223 | 0.00951385498046875
3979608274 | 1.2724597454071045
2926832072 | 26.37765407562256
5877172607 | 0.8474981784820557
7112179506 | 3.9347097873687744
8356815362 | 2.3961055278778076
6230284675 | 0.007259368896484375
7748194738 | 1.918400526046753
9238585920 | 7.018610239028931
2191821327 | 1.0591466426849365
9334053661 | 3.911710023880005
7905777762 | 1.8441133499145508
9752852906 | 1.6342625617980957
6886486069 | 1.0817766189575195
5356767298 | 1.9887564182281494
7610944549 | 1.0864715576171875
6914029644 | 2.5244226455688477
6045216108 | 1.0307843685150146
4892204681 | 0.0077745914459228516
3715812087 | 2.23661732673645
2536925103 | 3.381653070449829
8542654263 | 0.0069332122802734375
4969554551 | 3.844228506088257
7624138797 | 0.4386634826660156
3885438493 | 2.855156660079956
8552473172 | 1.4496188163757324
7655864294 | 1.5174548625946045
6045227223 | 2.009303569793701
8080797581 | 5.805363178253174
3018157653 | 2.5978994369506836
2412776820 | 0.007192850112915039
9579324769 | 2.576646089553833
4184383184 | 1.0130066871643066
5814949826 | 3.09279465675354
2079657959 | 2.5383708477020264
5192803521 | 10.983656406402588
4998846083 | 0.00930929183959961
4144209940 | 6.129479885101318
8356332242 | 2.3683807849884033
8222347145 | 1.288257360458374
6454693615 | 0.6070871353149414
7715690861 | 0.020081281661987305
8725668580 | 1.2804365158081055
2075072438 | 8.750598669052124
2549636038 | 2.03181529045105
9153211259 | 0.4387633800506592
3386670388 | 3.1762139797210693
2876410737 | 1.6883752346038818
1733739097 | 1.334676742553711
3190268338 | 2.483546495437622
7235611256 | 1.2775943279266357
6868265813 | 3.9436588287353516
9181051465 | 0.008275032043457031
4174373994 | 0.4272773265838623
2424843543 | 9.63755178451538
4889245766 | 0.009166955947875977
1259920682 | 0.1718902587890625
1224730274 | 1.157693862915039
6119204613 | 4.730568885803223
9155898543 | 1.3810324668884277
8724115437 | 4.103893995285034
2878519146 | 2.6236605644226074
6019144869 | 2.067706346511841
8308851180 | 0.044122934341430664
4745219141 | 1.0404119491577148
4902543842 | 0.007101535797119141
7971719303 | 1.098130702972412
6747621861 | 6.77051568031311
4234617304 | 4.218644618988037
4134088243 | 7.036856651306152
8010471793 | 1.6869893074035645
6995540390 | 0.008873462677001953
9974363783 | 1.6335797309875488
8988552006 | 1.1756055355072021
5195680237 | 9.912222146987915
9989593330 | 1.606802225112915
2534574989 | 1.1152830123901367
5847736544 | 0.8931550979614258
5047476267 | 1.9096755981445312
2645908355 | 20.262868881225586
7637408950 | 1.8644506931304932
6645702727 | 3.957918643951416
3146219769 | 1.4142982959747314
5039414238 | 0.6223328113555908
4172570162 | 1.340425968170166
8959099743 | 1.4423439502716064
1378079289 | 4.178269386291504
5422738598 | 2.1442325115203857
1373356413 | 0.30158114433288574
9734636773 | 2.7678732872009277
3001395033 | 0.8449006080627441
1111120826 | 2.4243223667144775
1008165450 | 1.9620671272277832
4632495059 | 1.5811066627502441
5562744305 | 1.377918004989624
3272363494 | 1.383394718170166
8848341759 | 1.4295175075531006
4473352374 | 0.008577108383178711
9266014752 | 4.929610252380371
8927366587 | 5.335222482681274
7963362299 | 2.04658842086792
6925084435 | 0.8265843391418457
1211989244 | 0.906242847442627
6125011852 | 2.549182415008545
9381853176 | 1.5309035778045654
9570736469 | 2.83786940574646
9218332094 | 3.948488712310791
3098715211 | 1.5572748184204102
8074470489 | 2.1360394954681396
9232549506 | 16.372027158737183
8243858282 | 5.001498699188232
6540293140 | 0.008335590362548828
4068199803 | 2.511352300643921
8375126046 | 0.29407525062561035
1647188328 | 0.9546704292297363
4597952365 | 0.007757663726806641
3188591462 | 3.9859774112701416
1025995624 | 3.3912148475646973
2986031392 | 5.738414287567139
1302343189 | 0.6280961036682129
3643246936 | 2.9722719192504883
9832613917 | 5.079442024230957
8178679348 | 0.9418525695800781
4961433426 | 0.011558055877685547
1927871473 | 2.545180559158325
9776354749 | 1.3124349117279053
3631328289 | 0.008473634719848633
2014820416 | 2.5499019622802734
1355512325 | 1.8314847946166992
5085258341 | 4.435274362564087
9921891356 | 0.006994962692260742
1811383492 | 0.006320476531982422
4526612895 | 1.9455385208129883
9586470905 | 3.6121294498443604
8565099138 | 1.882781744003296
2295587572 | 3.7505409717559814
9685030394 | 2.6098077297210693
2301204410 | 0.6683104038238525
3336181122 | 0.011450767517089844
4151914692 | 0.47392702102661133
7277241468 | 0.6112899780273438
2162917710 | 0.010706424713134766
8268900914 | 5.7901036739349365
3255337049 | 4.614065408706665
6634912184 | 0.03149771690368652
4231257533 | 2.5792994499206543
4966695429 | 1.752427577972412
3340630740 | 0.006005525588989258
6401241155 | 0.8541686534881592
5831788080 | 3.4952292442321777
1495126593 | 7.52140736579895
3989726958 | 6.265232563018799
5107602120 | 21.166863203048706
3331082297 | 1.8229951858520508
7276171324 | 1.242372751235962
8845045257 | 0.00643157958984375
6243684898 | 4.347501277923584
3121346849 | 10.86950397491455
1695474963 | 2.9047107696533203
3439561608 | 1.6343092918395996
9150864760 | 4.86483907699585
8375497154 | 5.497284173965454
3892704422 | 4.5746009349823
5104355416 | 0.009100914001464844
6492993596 | 1.543055772781372
3053839588 | 3.30743408203125
1252002257 | 2.398883819580078
5850048192 | 2.1257524490356445
6383981746 | 0.006400108337402344
1872527799 | 1.5097732543945312
6372925842 | 2.630669593811035
5065491116 | 6.887279510498047
9625692723 | 9.062329292297363
8368269095 | 7.696181297302246
5596624074 | 1.7524893283843994
6435702277 | 0.009607553482055664
1662656213 | 2.383967399597168
5745837456 | 1.021493673324585
5927622503 | 0.01694464683532715
3860152716 | 1.6258721351623535
3153204149 | 0.007282257080078125
6922402392 | 3.5310301780700684
6009242321 | 1.7809324264526367
8886390619 | 3.9481418132781982
5402282321 | 7.240647554397583
2444159857 | 1.5738427639007568
1618084684 | 0.008962631225585938
3914126818 | 7.742868661880493
7439850456 | 0.5557143688201904
2540755577 | 2.8533053398132324
3241563433 | 1.7695908546447754
3903241678 | 0.874213695526123
6003183300 | 2.7444844245910645
1441324327 | 1.2991955280303955
3625943100 | 2.6912636756896973
8332149256 | 3.811825752258301
3129035335 | 1.664365291595459
6901981960 | 0.008539915084838867
7824294390 | 3.684528350830078
1596990870 | 0.006539583206176758
5524964941 | 0.671722412109375
2795338938 | 1.9391067028045654
1727727783 | 6.432964563369751
4091289861 | 2.9081969261169434
8682993898 | 0.47145938873291016
4131550621 | 3.5753324031829834
4022737545 | 3.4171857833862305
8665557476 | 1.7987959384918213
2459950404 | 0.006699085235595703
6234874189 | 3.771451950073242
6839762390 | 0.014786958694458008
3721792316 | 1.942445993423462
6072871150 | 0.007133960723876953
8706612973 | 1.522855520248413
7509987870 | 6.373837232589722
7961040619 | 1.508643388748169
2448885726 | 3.3654422760009766
4363991400 | 2.199228286743164
7639022288 | 3.4659204483032227
2397124582 | 3.9968252182006836
6711388461 | 2.463351011276245
4869344666 | 5.38076114654541
1624322603 | 3.224919080734253
8400616696 | 1.0617074966430664
4366689140 | 7.0484020709991455
9573597125 | 3.1691646575927734
6630098939 | 3.444247007369995
4941382858 | 1.5532317161560059
2581592826 | 4.95637583732605
3700761957 | 0.0064737796783447266
3752994527 | 1.2986631393432617
2339682031 | 1.6948869228363037
1309962398 | 5.211139917373657
4632815609 | 10.048885822296143
1227992176 | 2.433363199234009
2613136741 | 4.257646560668945
4986427332 | 1.2395272254943848
6609160764 | 6.123295545578003
6567055299 | 3.102259397506714
7437031528 | 0.007955312728881836
6798446987 | 1.6321930885314941
1191548865 | 6.9579918384552
8728025886 | 2.6028425693511963
8919772410 | 7.743868112564087
3808389533 | 4.883615493774414
9017283723 | 1.872485637664795
1306964718 | 5.005328893661499
9200972337 | 4.625226020812988
5943451837 | 0.49341464042663574
8149125292 | 0.941070556640625
2055033359 | 1.300032377243042
4955791965 | 3.4043328762054443
1730722633 | 4.757826089859009
5145959839 | 5.4732136726379395
5384129275 | 4.88227915763855
8258319725 | 1.2032644748687744
3086598896 | 8.663965940475464
6153707672 | 0.007563114166259766
7626139993 | 2.273913860321045
2478571676 | 5.820431232452393
3447759479 | 0.0107879638671875
1706851755 | 3.0997629165649414
2929881525 | 3.3280837535858154
9038594793 | 0.7176883220672607
6133848830 | 0.981663703918457
8646520789 | 2.4110145568847656
7544879814 | 3.7474019527435303
6698184782 | 2.225890636444092
6511717628 | 7.756413459777832
6193288465 | 0.00744175910949707
6371855381 | 6.129565000534058
5788496381 | 0.813279390335083
9808513770 | 3.5456173419952393
6048541286 | 1.3324553966522217
3678942410 | 2.3164799213409424
7120326865 | 1.561837911605835
2366359359 | 0.015491485595703125
5605847965 | 3.519629955291748
9749370506 | 0.008295536041259766
2366613224 | 1.3956682682037354
2335267353 | 0.009166240692138672
4393461268 | 0.8571841716766357
4007015562 | 0.5974011421203613
7339463015 | 0.8028757572174072
1780863617 | 6.342720985412598
8726011708 | 1.2109010219573975
9311543384 | 2.97955060005188
6509540105 | 2.267552137374878
2403560256 | 0.5520811080932617
4124660403 | 2.529560089111328
7121701730 | 1.7609598636627197
4566204317 | 4.265609264373779
1511598885 | 0.010650873184204102
2817633320 | 9.849312543869019
7279781003 | 5.896964073181152
8508270451 | 0.007019758224487305
8019281761 | 0.75899338722229
3456951214 | 3.0405166149139404
4443524472 | 0.005422830581665039
2101495702 | 2.8153676986694336
3032646560 | 14.646602869033813
1338361228 | 0.007322788238525391
5961935595 | 0.6052565574645996
2919590940 | 4.182875156402588
2491309033 | 3.393873453140259
8942377257 | 0.5147650241851807
2794340251 | 4.378140926361084
4613472817 | 0.007907867431640625
3561723936 | 0.2846369743347168
3435212339 | 12.090384244918823
8106279239 | 2.009726047515869
4459298142 | 4.1130454540252686
1918266118 | 4.733815908432007
3155042378 | 2.707974672317505
4684810275 | 1.009666919708252
3650377565 | 2.9604005813598633
2266728282 | 7.276803255081177
6567528037 | 1.983917474746704
9728252365 | 15.053955078125
1567480878 | 0.007179737091064453
9483355516 | 6.247608184814453
4259355392 | 1.9199793338775635
5871923649 | 1.1481719017028809
1811128086 | 2.16587495803833
3591096400 | 2.613010883331299
6036180771 | 2.6137096881866455
8332375026 | 4.610434293746948
7747524041 | 2.7716097831726074
3268816780 | 0.006516218185424805
8429162616 | 2.9639511108398438
1562848858 | 1.8011980056762695
4615193746 | 3.0423216819763184
9613697194 | 3.2620809078216553
8758683531 | 1.2109315395355225
5114743938 | 5.095584392547607
5003121723 | 0.008475303649902344
2943614938 | 5.894656419754028
7248547012 | 2.320981025695801
6228955195 | 2.599475860595703
5307495877 | 4.819977045059204
1033357432 | 2.2863759994506836
4832024329 | 1.512145757675171
6792644874 | 3.1121840476989746
8494704631 | 1.4694111347198486
7663293021 | 1.462782382965088
1491829999 | 6.487966537475586
5831835564 | 5.958559274673462
8892485071 | 3.0811092853546143
9434041656 | 3.530097007751465
8094348977 | 2.6708874702453613
3346575993 | 3.548111915588379
8515037045 | 0.010937690734863281
8938062272 | 4.411705732345581
7509428228 | 0.008167743682861328
4231413910 | 2.7215735912323
1546918846 | 1.468752384185791
5937548433 | 7.566456317901611
5297878394 | 3.893599271774292
2440027868 | 2.8280043601989746
2410068980 | 0.8376295566558838
6164693184 | 1.5207507610321045
5267516190 | 0.006780862808227539
5779193118 | 3.115948438644409
2216112441 | 1.2366359233856201
5392599787 | 4.435877561569214
5500139616 | 1.389291524887085
4011432153 | 2.6237707138061523
2936164517 | 1.1611371040344238
6754170918 | 3.172009229660034
5006721284 | 0.0077610015869140625
4992436177 | 3.9235832691192627
5418555928 | 1.949791669845581
1506985012 | 0.7943828105926514
3230589143 | 0.006661653518676758
4819136561 | 2.131481170654297
7220254664 | 6.502721548080444
6483661066 | 6.757112741470337
3131408342 | 2.53275728225708
7222259128 | 1.1461033821105957
6261437677 | 3.153196334838867
6375496459 | 0.6986942291259766
2238419171 | 1.9658927917480469
1255559141 | 4.1479716300964355
2956805633 | 7.391668081283569
7543533330 | 1.7776374816894531
1074035241 | 0.008822441101074219
2673718662 | 1.4810903072357178
1967135672 | 2.5462498664855957
9472682152 | 1.0411522388458252
7840801070 | 1.3702113628387451
9674108922 | 1.5438485145568848
9153127277 | 1.4909319877624512
4197813491 | 1.9657790660858154
1801745809 | 1.4448003768920898
7353940610 | 0.5340311527252197
3495632915 | 0.8764553070068359
6925450335 | 2.703747272491455
5676410336 | 6.786017894744873
1259482776 | 0.007218599319458008
1599259237 | 9.637016773223877
1262591732 | 2.3042185306549072
6953628067 | 1.4028537273406982
6275508917 | 0.007081270217895508
8132896421 | 2.495753288269043
5258965739 | 0.7611300945281982
4457268506 | 5.912110328674316
4953309297 | 1.6870672702789307
3497621111 | 4.7473978996276855
8958107418 | 3.769948720932007
1257804874 | 3.425337314605713
8366453290 | 1.1239302158355713
5796199762 | 3.2170093059539795
8473762231 | 3.9433021545410156
8630711528 | 4.639926195144653
2986246850 | 2.7186152935028076
7108817013 | 1.7370870113372803
6942577158 | 12.507129669189453
4289567909 | 0.17314910888671875
1030054770 | 0.009778022766113281
6583549550 | 2.214136838912964
6789478466 | 1.5598134994506836
6654264549 | 1.5900681018829346
2200107472 | 1.4423589706420898
5706790403 | 2.5887649059295654
6184978184 | 0.9213366508483887
6909299492 | 0.011237144470214844
7866531493 | 5.822200298309326
1886267168 | 1.6709983348846436
4579300260 | 4.405452013015747
7256743382 | 6.125500440597534
2592832762 | 5.5177671909332275
5119728302 | 3.591716766357422
6953439804 | 3.5171444416046143
1371590484 | 3.731196880340576
3512367293 | 2.8419320583343506
4604563661 | 2.5106751918792725
6390604887 | 0.3713855743408203
3596536497 | 0.9610869884490967
7637596221 | 3.2866768836975098
3451554228 | 0.006954669952392578
6866298502 | 3.729518175125122
9998376549 | 2.258324384689331
2455300719 | 3.4844188690185547
4657876621 | 0.007204294204711914
9612773613 | 0.006974220275878906
2606173286 | 2.617793321609497
2148045901 | 1.4023668766021729
7663170271 | 3.8175928592681885
6625471094 | 3.12782621383667
1913802485 | 0.6742339134216309
7388444849 | 2.0600132942199707
8250814148 | 18.592519998550415
2517921877 | 1.9222517013549805
4301070446 | 3.2720963954925537
7334342973 | 5.157235860824585
9527640457 | 1.9538359642028809
3974314566 | 2.1374096870422363
2177112831 | 3.291830539703369
6481324316 | 0.007904529571533203
2824800208 | 12.838984251022339
3394695739 | 2.057543992996216
3577399181 | 3.0392282009124756
5613601274 | 0.007367372512817383
4390211484 | 2.8234007358551025
6393993220 | 0.007848262786865234
9232987381 | 8.44779634475708
4729651828 | 1.7598745822906494
2700408824 | 1.0915260314941406
1769238037 | 0.7585446834564209
9547848531 | 5.1415886878967285
1611948253 | 1.3266725540161133
1774292499 | 2.0551059246063232
9699118802 | 2.353621006011963
6286913493 | 3.4593207836151123
4650729060 | 0.9594011306762695
9508534768 | 2.3963773250579834
1871510175 | 1.538849115371704
2534848770 | 4.0781090259552
9625047544 | 0.008369207382202148
9737294335 | 0.007287740707397461
4898005191 | 2.559340000152588
9644099759 | 0.6908788681030273
5082818966 | 1.0465953350067139
6786793512 | 5.321977376937866
1082709262 | 4.829627275466919
8531353772 | 3.665778875350952
5176460865 | 3.0255210399627686
8685231335 | 3.875368595123291
2782135909 | 1.3048977851867676
4941882859 | 0.5019638538360596
5936790884 | 1.089911937713623
3521870827 | 4.468920469284058
3367642412 | 6.291524171829224
4719882281 | 1.3328633308410645
1374480222 | 1.947303056716919
5603668442 | 1.2986364364624023
6293773724 | 3.6582236289978027
3469909034 | 3.3188984394073486
7752766755 | 2.678905725479126
9522081426 | 8.502528190612793
5499658772 | 1.7114484310150146
3287021489 | 4.845412492752075
7234895155 | 0.0062940120697021484
5791913410 | 2.6663362979888916
7523412871 | 1.4231598377227783
6942600400 | 10.754005908966064
3242237887 | 3.4525439739227295
7615204240 | 8.04170036315918
4515680371 | 3.672553777694702
9468794403 | 4.133083820343018
2311203303 | 2.1980743408203125
5857820602 | 5.902641773223877
8768540715 | 10.422740459442139
7368736165 | 3.79375958442688
4283580778 | 1.208500862121582
4150532707 | 0.007281780242919922
6292353801 | 1.4176664352416992
4124549197 | 5.295426607131958
1449816605 | 0.014793872833251953
8122961529 | 1.6215863227844238
4448679865 | 3.599555015563965
4490801670 | 7.505286693572998
2354850424 | 2.2772066593170166
1662379178 | 3.891083240509033
8727749572 | 3.072262763977051
5187152824 | 2.160841941833496
8874611696 | 4.758495569229126
9731206171 | 3.470327615737915
3206586563 | 8.68505597114563
4138220233 | 2.1475918292999268
7697883350 | 2.5638153553009033
9232343278 | 0.006378173828125
7252579343 | 2.4021975994110107
6851121652 | 3.169978141784668
6522722417 | 1.2378430366516113
2468492134 | 2.2130515575408936
8681776331 | 2.8507328033447266
5029102940 | 0.9892158508300781
9499961304 | 1.8243987560272217
5442505670 | 0.008106231689453125
3546811782 | 0.007789134979248047
5519987770 | 2.057682514190674
6553021989 | 3.13602614402771
2100977200 | 14.81326699256897
2137596526 | 0.0071239471435546875
5726249124 | 0.006594419479370117
3519876619 | 4.113910913467407
4956408126 | 4.924213171005249
3925496261 | 5.432180166244507
5904079773 | 1.4404408931732178
6095235293 | 1.669426679611206
8955017373 | 1.9136760234832764
5345673472 | 0.8165819644927979
1354824142 | 0.8586516380310059
7296705517 | 1.2708418369293213
2988086824 | 0.7362875938415527
6585388706 | 7.280117988586426
8965557975 | 0.007241249084472656
4865179701 | 4.730710744857788
8616932823 | 3.6182825565338135
5607632733 | 1.3550524711608887
9597171070 | 1.349600076675415
1680432025 | 6.110666751861572
5665616853 | 0.00872659683227539
7518245354 | 8.758211135864258
3686726380 | 1.124046802520752
4410971711 | 2.431048631668091
6459099201 | 2.487326145172119
3641433154 | 3.6066534519195557
9142278475 | 6.752321243286133
8378434904 | 3.4567244052886963
9765535298 | 5.883097410202026
3112797033 | 0.011969327926635742
3274839353 | 0.007325172424316406
5892079237 | 3.187291383743286
2408716484 | 0.010846376419067383
9879503711 | 4.282502889633179
5409330610 | 0.7961323261260986
2360472025 | 0.5496189594268799
1981403362 | 1.921809434890747
5253132074 | 1.9025499820709229
5404307090 | 3.1680126190185547
9897908370 | 2.192220449447632
4345914219 | 1.3109161853790283
1455970174 | 0.45296788215637207
6137736851 | 1.238938331604004
9040461150 | 2.581878185272217
8750460475 | 8.283591508865356
4964233221 | 0.8649148941040039
3223289232 | 2.831012487411499
6080793665 | 10.297757863998413
2385431937 | 1.3170385360717773
2304313414 | 0.42084741592407227
8070860339 | 3.0373308658599854
9245775351 | 1.7582383155822754
2415119885 | 0.009521484375
1952346024 | 4.164513826370239
5976427068 | 1.3469884395599365
3132042594 | 1.037628412246704
1348319003 | 7.9022438526153564
7565929351 | 1.5848920345306396
7766414552 | 2.34409236907959
7174205723 | 1.9688441753387451
3699362043 | 1.380401611328125
7384554931 | 1.3524398803710938
1846325009 | 0.3277010917663574
9850027791 | 2.7120230197906494
6251203761 | 3.031419277191162
1817443240 | 5.23386812210083
8502477675 | 3.814605236053467
8298548993 | 0.010762453079223633
1107598304 | 4.292301654815674
2336541518 | 1.254183053970337
8553316963 | 0.46163058280944824
1220181545 | 1.916733741760254
2871702883 | 16.178794145584106
5064387273 | 2.738874912261963
3373800800 | 2.1088337898254395
9192975393 | 60.78239607810974
9478003487 | 1.6039338111877441
2485118330 | 0.7704765796661377
7363129564 | 8.694129705429077
7362673331 | 7.664313077926636
8501976414 | 0.009473800659179688
2700981656 | 1.742326021194458
5169518262 | 1.0071799755096436
9855665714 | 2.913325548171997
9065076577 | 0.007215738296508789
1292162061 | 3.940467596054077
5412133514 | 2.5844931602478027
8672600885 | 0.007671356201171875
2814994744 | 3.621952772140503
8145221248 | 3.2706148624420166
8810693723 | 9.059587478637695
7873811374 | 0.33953022956848145
7138236081 | 1.9374926090240479
4215024035 | 0.7500770092010498
5660755540 | 0.9835906028747559
2248280857 | 0.007176399230957031
9320392475 | 5.425761461257935
1981319163 | 3.2751150131225586
1117027511 | 5.224025726318359
1293944873 | 2.7637553215026855
3978823733 | 3.166971206665039
9655636646 | 0.008013248443603516
6335284614 | 4.348304271697998
1890935452 | 0.0056455135345458984
1705228863 | 5.209465980529785
5159726461 | 1.4292774200439453
1969022084 | 4.333273410797119
7474081094 | 2.1987967491149902
4428218477 | 2.815480947494507
6216997376 | 0.006507396697998047
5292084830 | 2.54610276222229
2994003619 | 9.242295503616333
4138623129 | 2.995802640914917
5636147600 | 2.858250141143799
9719203451 | 0.8426446914672852
1576284384 | 1.0089831352233887
5326412822 | 0.5565614700317383
7178409873 | 1.6702766418457031
5466283966 | 6.545126438140869
1684060823 | 7.127763032913208
3207753789 | 3.745424270629883
3965453131 | 0.01011347770690918
1019292195 | 2.1164779663085938
6895706276 | 1.3613076210021973
5718009236 | 0.1477973461151123
5443480458 | 2.1173651218414307
2420038853 | 3.3830795288085938
5254783187 | 16.953205347061157
9917390092 | 1.0735325813293457
9923716222 | 0.010247468948364258
1684993592 | 2.5374908447265625
4751258569 | 1.3589580059051514
8809794564 | 2.408130407333374
7723286346 | 2.9302666187286377
4111264735 | 2.680490016937256
4476370739 | 0.5490431785583496
5747932525 | 0.007678031921386719
9769020729 | 2.7006168365478516
7812886125 | 0.011088848114013672
3837473886 | 2.05580735206604
7625651984 | 2.0633468627929688
9558236074 | 0.6408998966217041
5368919566 | 0.4125816822052002
8425548004 | 0.007824897766113281
2578061684 | 1.7856709957122803
2739428391 | 1.3438243865966797
1783593531 | 3.75838565826416
2644564316 | 0.012617826461791992
9452896165 | 2.3714423179626465
6488172842 | 5.2987775802612305
7648657944 | 2.7771828174591064
6849729318 | 3.113739252090454
6045759707 | 3.478236436843872
9565952236 | 2.709433078765869
3588419822 | 10.433089017868042
9598924439 | 2.07912278175354
8376448992 | 9.39343810081482
7289739031 | 1.8538391590118408
8404920694 | 0.007277011871337891
3273003665 | 1.6656959056854248
6613983559 | 1.371286153793335
1460783832 | 1.9005622863769531
6163092918 | 0.006754636764526367
4172246864 | 7.211776256561279
5167932392 | 4.137298107147217
1690612322 | 2.452165126800537
2173483218 | 1.735766887664795
2191115639 | 7.8190271854400635
8575736587 | 5.523386240005493
6348642034 | 0.007273197174072266
1370213073 | 1.0946869850158691
6350389649 | 0.0068798065185546875
5010902104 | 7.205668926239014
5599410036 | 2.5716865062713623
2178571789 | 11.591911792755127
1818430663 | 35.12453556060791
3668499315 | 1.7884583473205566
9081573882 | 0.3431825637817383
8280022972 | 3.000380754470825
6578399688 | 1.4530072212219238
9358168967 | 0.009824752807617188
7400765217 | 1.6767168045043945
1529405720 | 2.227903366088867
2066252795 | 2.854032278060913
1198317556 | 3.5013768672943115
1100354080 | 2.767117738723755
6093730014 | 5.3487868309021
9846924263 | 2.1444525718688965
9451298120 | 0.34319233894348145
5251569285 | 3.99849009513855
4565885857 | 0.9792072772979736
7100692138 | 1.5223443508148193
7209748548 | 4.815326690673828
9561003691 | 0.006246328353881836
3899117191 | 9.339627265930176
1341680961 | 3.6366891860961914
1936240416 | 3.3500828742980957
2550425867 | 1.0265684127807617
9130671188 | 0.18649792671203613
8451481708 | 1.8511698246002197
4241496304 | 0.9253571033477783
4875126477 | 3.7478835582733154
7663243235 | 5.776564836502075
4575274379 | 3.8058042526245117
4193198341 | 5.522192478179932
4341913499 | 0.006936550140380859
4269674066 | 3.6409800052642822
9347073686 | 8.200385093688965
9458941358 | 0.7501046657562256
6564241105 | 14.313154935836792
5736145153 | 0.008888721466064453
2688773615 | 2.6381256580352783
8473208439 | 2.4350926876068115
8867218900 | 0.010023832321166992
9340930253 | 3.058748245239258
5740565702 | 5.900183916091919
7991511706 | 2.406907796859741
8526783015 | 14.695714473724365
6161826341 | 0.008887767791748047
8125609953 | 1.9696571826934814
1825632157 | 3.2676219940185547
7628208072 | 0.9098014831542969
7486725209 | 2.518491744995117
1625844297 | 1.384913444519043
7951621323 | 0.7422404289245605
3142806467 | 1.0636310577392578
8896755339 | 0.00781393051147461
5037638015 | 0.7683999538421631
7310735319 | 2.030677080154419
5784029995 | 1.4629638195037842
6623680747 | 2.4506216049194336
4583035583 | 2.4834349155426025
1534391161 | 1.6080832481384277
2775241886 | 2.533860206604004
3977173956 | 0.008239507675170898
5945200807 | 5.415908098220825
3772305768 | 2.4153635501861572
5803276612 | 1.1456153392791748
8642933603 | 0.008857250213623047
2232914654 | 2.3836660385131836
7429343188 | 2.584146022796631
9748652498 | 0.44026660919189453
7954213966 | 6.801279306411743
8367678671 | 1.0023961067199707
8285562074 | 1.9464011192321777
5734077621 | 1.4735207557678223
5763049586 | 3.3670248985290527
3581987497 | 1.9810423851013184
7937541269 | 11.849578142166138
9729722477 | 3.0290558338165283
1526465584 | 1.3038911819458008
