3133018584 | 16.38935112953186
4479256067 | 2.7870242595672607
9492941892 | 8.025474548339844
9495476419 | 2.832643747329712
8892314294 | 1.1790492534637451
7168465449 | 78.13248538970947
8420752286 | 65.16142654418945
7285325106 | 1.7975716590881348
5316796358 | 12.416204452514648
9432688994 | 9.662917613983154
8823405791 | 56.0016725063324
5376845440 | 20.985946655273438
2422724162 | 0.5735893249511719
5616548521 | 6.001082420349121
8065330219 | 2.807661771774292
4433014983 | 5.147735118865967
9665108279 | 1.7698290348052979
6146700274 | 7.40688943862915
7804085206 | 4.393861293792725
1417736047 | 18.36566710472107
3092994906 | 4.022328853607178
3763498755 | 4.410181999206543
4282056921 | 53.951812505722046
8695387154 | 5.055752992630005
9847789141 | 53.38495397567749
9802547912 | 7.457010746002197
5583687659 | 2.5502140522003174
7786294163 | 6.02460503578186
1779512494 | 7.503600120544434
2203978264 | 5.423765659332275
9654026078 | 2.794931650161743
2475923863 | 5.1677305698394775
7876195758 | 3.2529563903808594
7058103976 | 24.669320106506348
7803627693 | 67.04044270515442
4542352607 | 7.920735836029053
7540913505 | 6.251747131347656
4780969730 | 23.015653133392334
6412547757 | 1.7299606800079346
7867975517 | 3.0774595737457275
5593129212 | 7.394321918487549
7371430110 | 2.147247314453125
6420982739 | 51.78819751739502
8265368949 | 1.0568914413452148
5428373438 | 3.31467342376709
4569489156 | 5.507761478424072
4602379372 | 8.04175329208374
1856496153 | 3.6240339279174805
2359478759 | 4.956136226654053
7219561630 | 57.021113872528076
5677038416 | 15.639392614364624
4058906183 | 3.822511911392212
9152067583 | 3.930833339691162
4267143654 | 18.310424089431763
5057464595 | 13.43185019493103
5414496974 | 1.4202682971954346
4858425069 | 57.0822970867157
8220237952 | 6.274353265762329
3624416278 | 5.99774432182312
1011801631 | 2.5885822772979736
6038777013 | 10.013578176498413
4186583130 | 1.7113473415374756
4458867135 | 59.23520302772522
6605324904 | 2.086947441101074
7062055724 | 53.71424603462219
9904348311 | 5.92092227935791
6844015591 | 8.189360857009888
6488157967 | 4.3450093269348145
2085343857 | 53.62389826774597
7489395050 | 3.076504707336426
1736595819 | 17.065884351730347
8721709804 | 5.273452997207642
4771199405 | 3.823486089706421
2304186675 | 15.42402696609497
3972187552 | 7.125374794006348
2992175402 | 58.184430837631226
8324042652 | 2.4348807334899902
9473099624 | 16.85423731803894
1908847319 | 5.563584089279175
1125941872 | 2.452730417251587
7267791360 | 0.5790896415710449
5231246226 | 5.464073419570923
9459483970 | 65.31239438056946
8183342181 | 23.907325744628906
7730545610 | 6.941923379898071
9400418728 | 33.875083923339844
8467217983 | 6.705803632736206
6230608581 | 7.986807107925415
9512532833 | 3.4183266162872314
6263328662 | 2.244948625564575
3322918834 | 5.639527797698975
4804015438 | 4.8327953815460205
1735227290 | 5.371062278747559
1379736941 | 2.162925958633423
2432105717 | 3.2562100887298584
2054251608 | 4.177961349487305
6907021903 | 3.708144187927246
1848969456 | 302.6982729434967
2420464478 | 38.44146180152893
8762153015 | 55.10354256629944
7937888587 | 1.5827741622924805
6378381380 | 3.2878851890563965
4251645176 | 3.369163990020752
2241611041 | 6.769636869430542
3843643162 | 13.92788028717041
9895484951 | 3.077449321746826
8839039392 | 19.827717781066895
2272012855 | 12.845952987670898
6347919972 | 10.61777925491333
2862751191 | 4.313368558883667
2122119321 | 2.8257110118865967
1288287232 | 13.720571517944336
9712499467 | 2.3983147144317627
7368366139 | 1.3936150074005127
9685756053 | 4.73949122428894
3323211606 | 8.597838401794434
4717157986 | 17.72888493537903
8924075038 | 54.27810835838318
3567960194 | 4.251496315002441
6940069180 | 3.824441909790039
3763625938 | 2.3647398948669434
7391035503 | 56.415475368499756
2387040607 | 15.587097883224487
3084084193 | 7.74417519569397
9900730375 | 4.059881925582886
1455028282 | 2.17602276802063
2479113490 | 4.864864110946655
7558232079 | 3.6242754459381104
7843864947 | 7.5830323696136475
2390245697 | 7.536140203475952
8091399023 | 4.458410024642944
2777159148 | 2.383732557296753
8098069131 | 53.02685308456421
7668448453 | 7.732929229736328
1067909066 | 6.797678709030151
6369225271 | 4.477036476135254
3079491427 | 2.609708070755005
6034484077 | 4.5254786014556885
9744090573 | 23.188093662261963
7454332526 | 4.012191295623779
9621037656 | 7.116671323776245
9944198136 | 50.857208251953125
6065430411 | 2.9726033210754395
3212480448 | 8.947701215744019
9940668716 | 4.645512342453003
6844586701 | 8.406185865402222
2257211373 | 8.479510307312012
9581906499 | 4.968769311904907
3045548791 | 4.714731216430664
4760262455 | 7.714619159698486
8676970186 | 6.565083742141724
1862479329 | 31.413592100143433
2952496812 | 15.796138048171997
9810626756 | 4.103179693222046
6109240998 | 15.68835163116455
3053114271 | 13.9614999294281
7929742833 | 4.958311080932617
7449029874 | 4.01733922958374
5505243107 | 52.296305894851685
3178158336 | 5.4739601612091064
6333702541 | 9.225146532058716
2325868718 | 41.71298098564148
2536364961 | 0.8057270050048828
6434659342 | 12.573158264160156
5762829920 | 4.346833229064941
8936521156 | 6.565248966217041
6019914856 | 3.1231820583343506
9941532902 | 7.1880505084991455
8712006205 | 1.1427443027496338
5049342654 | 55.86655807495117
9999447644 | 6.976027488708496
9157415144 | 5.7700207233428955
6834037628 | 310.7378046512604
8708605730 | 54.25965762138367
1888570860 | 11.034635782241821
5167072238 | 54.43469476699829
3969110111 | 1.8771827220916748
5832429021 | 1.1724319458007812
5472084428 | 2.6374189853668213
7894097714 | 5.740738391876221
5439254575 | 51.52380061149597
2196759297 | 8.11199951171875
5856056251 | 1.802595853805542
5669265474 | 9.017529964447021
9893496253 | 0.5856039524078369
5583056584 | 22.169124841690063
8927238749 | 301.4357681274414
6313489351 | 7.924935817718506
1626540140 | 25.212193489074707
9997553628 | 3.1028287410736084
5786633094 | 7.80539345741272
2844050363 | 20.556610822677612
3609673947 | 7.013840198516846
4113825224 | 1.8990507125854492
4407822598 | 6.391961097717285
7561310199 | 54.88589811325073
8271670482 | 13.61491084098816
9166993278 | 18.715575218200684
8569131364 | 3.2714805603027344
1395093660 | 3.7663424015045166
2022511784 | 302.96551990509033
7330492409 | 5.1182074546813965
5566763681 | 14.719176530838013
8880471556 | 2.5979557037353516
7857339904 | 7.713246583938599
6909264753 | 129.63283944129944
1377782992 | 13.128938674926758
2946650569 | 4.694136142730713
1221881487 | 1.6246514320373535
7765509377 | 3.156158924102783
4607677262 | 0.5818021297454834
1442809131 | 5.317199230194092
6126331467 | 3.2796361446380615
8878889505 | 69.69731211662292
9463774640 | 56.099212884902954
6562004579 | 5.334707260131836
2936112909 | 3.592808246612549
5322517342 | 55.00297713279724
5969861740 | 4.22372579574585
6559430911 | 53.16171169281006
1853842492 | 1.8550152778625488
1467555609 | 1.971174955368042
6397130078 | 53.34471344947815
5152274217 | 14.375559568405151
4867207747 | 7.069361209869385
6712288710 | 3.346867084503174
1925310989 | 20.548036575317383
3590472478 | 4.541695594787598
7385636461 | 2.3161606788635254
5080292837 | 7.328913927078247
5265832908 | 12.656293153762817
1404301596 | 8.465749025344849
9439473018 | 6.44941520690918
6269879159 | 24.252389192581177
8521862451 | 7.748405933380127
8652255910 | 51.88919258117676
1161483270 | 304.6285500526428
5340115549 | 4.617059230804443
4859710443 | 0.5984053611755371
3949755234 | 3.046823263168335
7968091586 | 1.276310920715332
3304877116 | 5.843707084655762
5766797545 | 0.5589172840118408
5965982517 | 29.424007177352905
1591676744 | 5.3972272872924805
6159409031 | 2.5657427310943604
3464005711 | 3.7278127670288086
9843379309 | 7.854429244995117
1615485570 | 4.047330141067505
7986987187 | 3.6626601219177246
8901864083 | 7.091574430465698
9382157778 | 4.516735553741455
9130031690 | 10.204057455062866
3296789853 | 12.331613063812256
4042315825 | 2.7315526008605957
2567712392 | 53.91159248352051
3255730885 | 20.75625514984131
3623968000 | 7.653048992156982
1400668817 | 2.0307095050811768
5370110933 | 52.675599098205566
5252625904 | 5.655007839202881
9004509136 | 4.858784914016724
8264118441 | 5.275903224945068
2060131526 | 53.401806592941284
3257087639 | 9.515920639038086
7849833321 | 7.211675643920898
2027487511 | 1.6865546703338623
3829603410 | 5.395059823989868
6399494942 | 18.187856435775757
3121974437 | 4.466628313064575
1051504958 | 2.9019052982330322
2441104580 | 2.625016212463379
3034950486 | 5.963568925857544
2602763983 | 0.5865437984466553
7507501761 | 3.369828224182129
9678993581 | 2.7386579513549805
3347236076 | 8.619691371917725
3884653451 | 54.52090048789978
4466588487 | 1.9795317649841309
3302810131 | 3.4689488410949707
6507729264 | 3.6563045978546143
1669824516 | 3.8735249042510986
6396625793 | 9.709465026855469
8058338373 | 10.750118494033813
5092444188 | 6.15328049659729
4790437863 | 3.768310546875
9032629705 | 2.918477773666382
3366169117 | 25.82428550720215
5490457448 | 0.5970578193664551
2889131178 | 0.5813508033752441
1737869979 | 2.551724910736084
8036731377 | 7.774220705032349
1601721674 | 2.368389368057251
5217277994 | 7.820827960968018
4951364400 | 7.989514350891113
6055641306 | 4.8273303508758545
6851276318 | 3.8037357330322266
1238184098 | 318.0618758201599
8394613433 | 52.34562635421753
4917021408 | 1.741668939590454
6084099681 | 6.150616645812988
1607913014 | 7.772377252578735
5831484864 | 16.7232027053833
4505697517 | 2.9603757858276367
9215279721 | 2.954712390899658
1386192013 | 3.310715675354004
8079161216 | 9.799255609512329
5205610316 | 11.314604759216309
5979995452 | 13.750161409378052
6557419794 | 30.684378385543823
4771965884 | 3.2858078479766846
9250150430 | 2.8221418857574463
9265363387 | 2.0837020874023438
4083494982 | 54.90745425224304
5320456163 | 9.59133791923523
9906938647 | 28.663721084594727
3881865238 | 5.4357750415802
3961828202 | 6.280092716217041
4328393669 | 4.110061883926392
7409142457 | 2.263962507247925
1071568490 | 6.484067916870117
1788695033 | 2.050621509552002
4794006301 | 305.1215705871582
8020861385 | 8.541541814804077
6156234830 | 3.0694711208343506
7117821110 | 8.498441457748413
2370100879 | 1.5718834400177002
8942209083 | 6.731254816055298
5546127186 | 306.2955675125122
1022634476 | 19.679157495498657
4482828212 | 2.035407781600952
4005899095 | 55.85764980316162
8695335204 | 14.586257696151733
4364428476 | 13.436944484710693
1812017918 | 2.785141944885254
6788353317 | 7.152580499649048
7518767349 | 7.6336071491241455
2190070468 | 6.003463268280029
2669642417 | 8.717928647994995
3067451965 | 6.096694231033325
1828610747 | 8.301523447036743
9016101695 | 8.347114562988281
5665077536 | 17.045211791992188
5332901066 | 46.74743890762329
7420435466 | 7.6979453563690186
2034588997 | 5.272993564605713
2427149682 | 3.3774731159210205
7015440995 | 11.974453210830688
6849729318 | 6.498655796051025
6045759707 | 6.06955623626709
9565952236 | 60.75304937362671
3588419822 | 4.389023780822754
8376448992 | 5.029534578323364
7289739031 | 4.829261779785156
8404920694 | 6.508400917053223
3273003665 | 2.470501661300659
4172246864 | 13.859116554260254
1690612322 | 7.408234119415283
6348642034 | 6.38486123085022
5010902104 | 16.717358589172363
1818430663 | 10.274643898010254
3668499315 | 18.53653383255005
8280022972 | 1.995241641998291
7400765217 | 1.4875099658966064
1529405720 | 10.223511219024658
2066252795 | 4.9004762172698975
1100354080 | 5.017233610153198
9846924263 | 51.43146300315857
7100692138 | 32.08588528633118
7209748548 | 9.576590061187744
1936240416 | 20.10823965072632
9130671188 | 303.00202775001526
7663243235 | 29.40922236442566
4193198341 | 4.548083305358887
4341913499 | 7.740370273590088
8473208439 | 4.8662238121032715
9340930253 | 7.6566174030303955
8526783015 | 1.5539021492004395
1825632157 | 4.930415868759155
7628208072 | 54.313005447387695
1625844297 | 3.6331946849823
4583035583 | 3.534119129180908
8642933603 | 39.89657020568848
2232914654 | 5.626450061798096
7954213966 | 3.3101966381073
8367678671 | 3.8715975284576416
8285562074 | 51.6202175617218
5734077621 | 4.144113540649414
5763049586 | 3.72153639793396
7937541269 | 8.29718542098999
9729722477 | 8.184829711914062
1526465584 | 19.63312816619873
5562744305 | 4.044516324996948
9266014752 | 7.578174114227295
8927366587 | 2.4985830783843994
1211989244 | 2.631171941757202
6125011852 | 4.869279623031616
9381853176 | 4.472917079925537
9570736469 | 3.931279420852661
9218332094 | 4.0256640911102295
8243858282 | 7.664426326751709
3188591462 | 7.305542945861816
1025995624 | 5.366729974746704
1302343189 | 53.33012890815735
3643246936 | 54.98577833175659
9832613917 | 4.985041856765747
8178679348 | 6.6914963722229
4961433426 | 0.569178581237793
1927871473 | 17.593421697616577
3631328289 | 27.123029708862305
1355512325 | 1.913008451461792
5085258341 | 5.015517473220825
1811383492 | 0.5935382843017578
9586470905 | 3.083254814147949
2295587572 | 11.320703268051147
9685030394 | 15.492647409439087
8268900914 | 5.5743327140808105
6634912184 | 1.3780457973480225
4231257533 | 91.89614295959473
4966695429 | 10.098492622375488
6401241155 | 24.834519863128662
1495126593 | 5.438442945480347
7276171324 | 6.519617080688477
6243684898 | 24.913493394851685
1695474963 | 2.698495626449585
8375497154 | 55.93633699417114
3892704422 | 5.288360357284546
1252002257 | 5.289755582809448
5850048192 | 13.827888011932373
1872527799 | 2.593113422393799
8368269095 | 13.920709133148193
5596624074 | 7.246957302093506
1662656213 | 8.191923141479492
5927622503 | 9.338274955749512
3153204149 | 6.8464531898498535
6009242321 | 6.830984115600586
2444159857 | 5.513910293579102
3914126818 | 70.28142356872559
7439850456 | 52.79242753982544
3903241678 | 23.256632089614868
4572286538 | 4.65251088142395
5483624975 | 2.6440253257751465
4145798581 | 11.729461908340454
3942744249 | 5.811409950256348
2151207267 | 3.413372755050659
6219689543 | 4.389537572860718
6892945198 | 62.5977578163147
2048816813 | 31.409888744354248
1399578178 | 22.618136644363403
5500782869 | 0.5605313777923584
7532989901 | 4.385619878768921
2428881934 | 3.006885528564453
9817544058 | 3.9544029235839844
8081551715 | 2.4448342323303223
5033903825 | 0.8999364376068115
1227749881 | 4.8590309619903564
6153832142 | 7.440678834915161
7249155881 | 5.054045915603638
4716187271 | 12.264808416366577
2627066084 | 8.111023664474487
6240108535 | 8.580670833587646
2005738927 | 8.993638038635254
6933859616 | 3.183656692504883
2208882347 | 3.5957775115966797
3925711497 | 2.320983409881592
6958953101 | 16.209679126739502
4294211449 | 4.71338152885437
5345834968 | 4.768106937408447
6594723731 | 2.278325319290161
1696841672 | 6.10870361328125
8734331027 | 5.665719270706177
9798299624 | 58.55474138259888
4535066324 | 4.927582025527954
6999641609 | 17.154152154922485
5798590367 | 5.552372217178345
3641842646 | 6.7532243728637695
5848873089 | 6.388561248779297
2397487657 | 16.37211322784424
6105097242 | 610.4404759407043
5309090054 | 4.225202322006226
3625943100 | 4.202537775039673
6901981960 | 300.6638777256012
7824294390 | 2.723029136657715
1596990870 | 60.57865285873413
5524964941 | 5.678048849105835
2795338938 | 3.542332172393799
1727727783 | 3.652754306793213
4091289861 | 53.73373341560364
4022737545 | 5.36272931098938
6839762390 | 0.5959582328796387
3721792316 | 14.31679391860962
6072871150 | 7.738543272018433
8706612973 | 306.2919638156891
4363991400 | 2.715445041656494
2397124582 | 60.31010055541992
1624322603 | 9.047458171844482
9573597125 | 7.080838441848755
4941382858 | 5.187408447265625
2581592826 | 54.22279977798462
3752994527 | 8.868150234222412
4632815609 | 17.931166887283325
6567055299 | 5.143972873687744
7437031528 | 7.5324788093566895
6798446987 | 2.095649242401123
3808389533 | 3.523874521255493
9017283723 | 3.380427837371826
9200972337 | 1.348262071609497
5943451837 | 2.4341812133789062
8149125292 | 4.1187262535095215
2055033359 | 4.383784055709839
4955791965 | 33.91569399833679
5145959839 | 5.621577024459839
8258319725 | 3.7636544704437256
3086598896 | 9.63787841796875
3447759479 | 64.43939208984375
2929881525 | 3.5638654232025146
7544879814 | 3.3126256465911865
6698184782 | 27.233538150787354
6193288465 | 16.624558210372925
6371855381 | 33.526599168777466
5788496381 | 16.308672428131104
7120326865 | 2.481706380844116
2366359359 | 4.45491361618042
5605847965 | 5.210938930511475
2366613224 | 1.7618141174316406
4393461268 | 11.672930240631104
9311543384 | 2.137298583984375
2403560256 | 2.8403878211975098
9451051554 | 3.9212207794189453
7330638975 | 9.032423257827759
7236635718 | 4.06976318359375
4162805081 | 5.645623683929443
5921107732 | 5.803150177001953
7512639537 | 3.6967804431915283
2378016697 | 71.90027904510498
6701253233 | 0.5859246253967285
3238170395 | 2.811079263687134
3967539880 | 3.6571297645568848
7035336872 | 4.692106485366821
8300819429 | 6.917815208435059
3965355057 | 4.474592208862305
1062797837 | 11.35450029373169
9381371289 | 2.8830058574676514
1891794651 | 3.184818744659424
9730754113 | 3.1505613327026367
5047794028 | 2.609421730041504
1793615298 | 30.8050377368927
3911952863 | 26.609893798828125
4471389732 | 2.884807586669922
7462047404 | 5.705880165100098
1473929337 | 5.312512636184692
8359667420 | 16.379942893981934
6037371718 | 1.6412935256958008
2711923408 | 5.507862091064453
8600560264 | 21.387917041778564
1302211625 | 304.39816403388977
8119623708 | 2.6100974082946777
1238036370 | 9.370758533477783
1225229089 | 6.216114044189453
5862840932 | 1.7958996295928955
2475221844 | 26.7071533203125
7532465195 | 33.10016965866089
6453799462 | 10.839548587799072
5832880770 | 9.344560384750366
3763772639 | 5.9696080684661865
9204854779 | 24.65477204322815
7471913975 | 1.6623482704162598
4594567861 | 1.8963983058929443
1027014311 | 7.1670081615448
6473289203 | 10.985987424850464
8590193968 | 7.688257932662964
7874783550 | 56.30425548553467
5054832361 | 15.852623462677002
9017319164 | 7.31136679649353
8685364044 | 5.136399745941162
9217004827 | 5.563667297363281
3417260375 | 3.0700185298919678
3980018079 | 25.766316890716553
2663836786 | 25.55770969390869
9449614342 | 4.56506872177124
3719456663 | 6.643679618835449
6980993918 | 2.279719114303589
7575711480 | 53.14990997314453
8407314778 | 6.636123895645142
4524999478 | 8.749604940414429
8399041306 | 6.813081502914429
8553283791 | 54.532557010650635
7499773063 | 27.870972156524658
4670036132 | 5.5389180183410645
7108288622 | 1.6044282913208008
9011222396 | 305.94629669189453
3834240108 | 56.057584285736084
3651198244 | 3.8770370483398438
4021916378 | 57.184216022491455
4202873160 | 2.8328418731689453
3811679925 | 4.5385050773620605
9766384952 | 52.53127312660217
1555193289 | 6.426725387573242
1575518023 | 51.67638969421387
8847220882 | 6.8083131313323975
8755124162 | 12.978692293167114
3858243598 | 7.623336553573608
3352666976 | 55.47759222984314
7445665163 | 1.4601478576660156
8629059574 | 8.248045444488525
6068896355 | 6.71885871887207
6313719702 | 2.3223989009857178
8685259795 | 7.032163381576538
6508609198 | 53.91005253791809
6909570423 | 3.889177083969116
2909925591 | 3.282456874847412
5662293745 | 15.051641702651978
7335380055 | 7.616009473800659
7202770699 | 11.139226198196411
3617829944 | 3.6899845600128174
8051178624 | 53.54108119010925
2865000487 | 6.491055011749268
6280785680 | 4.508618116378784
1035054153 | 13.404544830322266
8802990069 | 4.243048191070557
2498880583 | 6.137856721878052
2750146336 | 1.6413724422454834
3457092294 | 4.463302850723267
3426718613 | 57.57435607910156
3469909034 | 10.717458724975586
9522081426 | 34.9939227104187
5499658772 | 2.854497194290161
3287021489 | 60.8065459728241
5791913410 | 15.931360483169556
6942600400 | 5.976261377334595
7615204240 | 16.851144790649414
9468794403 | 4.514845609664917
5857820602 | 4.464601039886475
4283580778 | 5.995702028274536
6292353801 | 20.50779390335083
4124549197 | 38.02479028701782
8122961529 | 53.123053550720215
4490801670 | 18.524301528930664
8727749572 | 5.453854322433472
8874611696 | 26.50992250442505
4138220233 | 2.3939337730407715
6851121652 | 3.665942907333374
6522722417 | 15.145308494567871
2468492134 | 31.132508754730225
8681776331 | 5.440898656845093
5442505670 | 11.934786558151245
5519987770 | 1.9241340160369873
3925496261 | 8.788944005966187
6095235293 | 5.2942798137664795
1354824142 | 3.049400568008423
7296705517 | 2.2613914012908936
2988086824 | 3.4316563606262207
8616932823 | 27.35758948326111
1680432025 | 2.1618311405181885
5665616853 | 7.7141501903533936
3686726380 | 3.67494535446167
4410971711 | 11.21281123161316
3641433154 | 3.474492311477661
8378434904 | 13.035672664642334
3274839353 | 2.48142409324646
2360472025 | 4.184879779815674
5404307090 | 8.683457136154175
4345914219 | 25.8941068649292
1455970174 | 2.289424180984497
8750460475 | 25.018253326416016
4964233221 | 2.7493884563446045
3223289232 | 4.113913536071777
6080793665 | 16.242401838302612
8070860339 | 41.7783842086792
6378094928 | 5.432511329650879
2874770416 | 1.6783747673034668
7552035307 | 52.572455644607544
8826622667 | 5.499498605728149
6866815373 | 3.5554959774017334
1370121616 | 6.556023359298706
5202114196 | 3.438843250274658
7404716824 | 6.1893696784973145
1123276281 | 8.063038349151611
8046792156 | 2.752763271331787
8625379660 | 7.167288303375244
8854391955 | 2.749427556991577
7500716013 | 7.93549919128418
8626845640 | 2.5520308017730713
3409720414 | 4.742444753646851
8547536777 | 4.717523574829102
7932105145 | 2.7682900428771973
3973957431 | 7.696985244750977
2784172186 | 9.27501106262207
4760329731 | 7.090553283691406
6094948875 | 2.60404634475708
1072917801 | 13.261622667312622
7228141762 | 6.757085561752319
8861691145 | 19.206674098968506
6638520485 | 4.50295352935791
6322045509 | 18.22837519645691
6802661339 | 7.753385066986084
2691155056 | 3.663574457168579
6988516302 | 2.693526029586792
3925390321 | 5.352697134017944
9014363877 | 53.95017170906067
9967375025 | 6.066825866699219
9820567149 | 6.191019773483276
2968561480 | 6.779929161071777
9272146374 | 17.79613447189331
7369608679 | 22.65480065345764
7051537598 | 7.441672325134277
2537902606 | 3.047018527984619
8055622926 | 7.9199934005737305
9976111378 | 5.658865451812744
2717919914 | 21.30725383758545
9526658796 | 3.076997995376587
4961514635 | 4.839149475097656
4166230256 | 3.113095998764038
6856700122 | 5.661000967025757
8910379303 | 5.423435926437378
2578288150 | 2.9834530353546143
3336241373 | 20.963326454162598
9833874631 | 3.287956476211548
1861123244 | 57.89507222175598
7366707301 | 5.6531805992126465
4593070884 | 6.811926603317261
2664463302 | 21.98304057121277
1323384233 | 2.9769585132598877
4653592937 | 7.040698766708374
8767490351 | 7.207275390625
9883372272 | 3.6720757484436035
3914985921 | 57.30252194404602
3047914384 | 2.7366220951080322
2570924139 | 36.74471926689148
5304669918 | 3.869821786880493
1461409602 | 2.2404422760009766
7601325858 | 5.154711008071899
2551103537 | 23.785924911499023
6434491046 | 9.198684215545654
9764879744 | 302.5132722854614
9587426711 | 6.28018856048584
4023890342 | 10.090336561203003
2687212575 | 6.009505033493042
8526373258 | 2.241457939147949
1294930495 | 4.587247848510742
3678646561 | 54.62008857727051
7068570452 | 7.494457244873047
7923073079 | 1.6307125091552734
9698349278 | 0.5729949474334717
1998769331 | 52.27933621406555
4266504710 | 14.965828895568848
3416214381 | 7.69647479057312
7554339163 | 1.2004249095916748
9923525707 | 6.368503570556641
7305689544 | 3.5489115715026855
1475126608 | 302.76125621795654
3828441572 | 40.82376146316528
7831065723 | 5.9001381397247314
3848846209 | 308.81008791923523
6226558270 | 63.41213822364807
5310642288 | 7.7341814041137695
9079656025 | 3.91047739982605
9835558840 | 2.7261106967926025
1408273188 | 2.8367977142333984
4220835553 | 301.26627826690674
5378751192 | 56.04969525337219
7149878697 | 8.765294075012207
7813117602 | 1.9264206886291504
3085590074 | 10.77465033531189
5630859029 | 3.722492218017578
4184523014 | 11.183276891708374
3968659970 | 14.632508516311646
4659676291 | 4.204485893249512
6367074797 | 6.012637376785278
6504314513 | 6.142441034317017
2790026634 | 6.3592212200164795
3267027076 | 4.657716512680054
7009187020 | 3.453735589981079
5079042202 | 53.32542967796326
4516952665 | 8.675098896026611
3628059847 | 5.970425128936768
8388108719 | 21.803686141967773
4044169355 | 4.586367845535278
8160517910 | 2.0796892642974854
4441287303 | 15.751679420471191
8261786392 | 4.7201924324035645
1556793106 | 7.162292003631592
9105883623 | 2.571500301361084
6494174287 | 51.73913860321045
3454849864 | 2.7774038314819336
9317076290 | 7.833722352981567
1351596580 | 5.767190933227539
4376910836 | 4.09785008430481
3408659099 | 55.584152698516846
9674924644 | 8.458792448043823
4410237020 | 5.05336856842041
3627919103 | 6.530791997909546
9052789897 | 7.520673751831055
5015389290 | 2.7713468074798584
2651670226 | 23.87298822402954
6464162820 | 6.717294931411743
7893956267 | 3.974003791809082
2769060029 | 8.3395516872406
6226182804 | 4.563880920410156
4231439558 | 16.579498052597046
8266688208 | 2.9533228874206543
9302372143 | 3.7812881469726562
4397404773 | 4.474599599838257
5866272499 | 303.51943254470825
9985526274 | 5.208982706069946
5735085658 | 10.851300954818726
9320245524 | 7.571200847625732
8992303457 | 4.153485536575317
9297118653 | 9.27569580078125
6681248324 | 1.9549965858459473
8457719890 | 4.0824573040008545
7993539892 | 3.4205236434936523
4381267952 | 2.2153687477111816
1238895234 | 53.111515045166016
8755618823 | 2.0883212089538574
7854303131 | 4.948832273483276
7085540125 | 10.640833377838135
5120579016 | 52.592676401138306
8964496009 | 28.090985774993896
7467881007 | 2.7159371376037598
2270483397 | 6.589232444763184
3280283215 | 14.668720006942749
1273470611 | 15.350456476211548
5068302800 | 56.386619329452515
3263743802 | 6.075765609741211
2311038287 | 5.944657564163208
1821631932 | 9.131853342056274
3000977139 | 2.466662883758545
6900504687 | 2.0497703552246094
5475280471 | 1.8543217182159424
2419665912 | 7.730887174606323
9723218843 | 4.203358173370361
1654788900 | 3.563586950302124
8482020432 | 5.0408196449279785
4938094785 | 22.807804584503174
4699807287 | 6.558603048324585
7062984306 | 4.407100439071655
8411438020 | 12.838228225708008
5659811830 | 4.733943700790405
3312537469 | 5.273614406585693
2970877275 | 15.219732284545898
4102226462 | 11.95152997970581
6689687438 | 54.67182397842407
6884910284 | 2.0454115867614746
3949300580 | 3.0556907653808594
5902241419 | 70.4724953174591
6540104734 | 3.4200918674468994
1750331194 | 4.839320659637451
9015021563 | 51.595343351364136
9588890552 | 3.466015100479126
3556448818 | 15.159886121749878
3214734825 | 6.096099853515625
9446790878 | 52.36540746688843
4080088992 | 6.500976800918579
5507649535 | 6.332533597946167
4211648019 | 4.4151763916015625
5877116671 | 7.038355350494385
4953010432 | 2.663572311401367
9299095730 | 8.520767211914062
2719621466 | 4.817146062850952
9085816392 | 12.576806545257568
5042611788 | 12.480533599853516
4762681519 | 0.5839204788208008
3756406424 | 60.166802644729614
1289987299 | 2.8754730224609375
2540965279 | 54.83701300621033
4890536532 | 3.2470555305480957
4619660694 | 54.61641716957092
8310052197 | 3.1886708736419678
3393202562 | 23.169946432113647
6781308746 | 2.554220676422119
5816982267 | 56.82136034965515
2440348874 | 18.70102548599243
5250661175 | 53.19282412528992
4047177230 | 5.588342666625977
2939559133 | 52.77517247200012
7348715579 | 5.104581594467163
1214004098 | 2.9509401321411133
2159654621 | 2.614297389984131
6457150728 | 8.90423059463501
1050100899 | 16.753398418426514
1135324635 | 22.993423461914062
5584421777 | 2.519766330718994
7393563588 | 54.027411222457886
3771090336 | 5.911134243011475
6549450763 | 4.103957176208496
9791842658 | 6.722118377685547
3956307246 | 4.126614332199097
6750941933 | 3.691819667816162
9025409935 | 6.28787636756897
3774003070 | 8.112814903259277
7301264445 | 5.8483099937438965
7317670876 | 1.820382833480835
3243574473 | 55.68765735626221
4630037326 | 3.1423754692077637
2093880967 | 7.5550901889801025
4269294853 | 25.109697818756104
4019936282 | 7.375630140304565
1456782017 | 57.38105082511902
4459771620 | 2.524953603744507
8263934842 | 10.56676983833313
9549170266 | 6.599364757537842
4991709319 | 4.118032455444336
7509639715 | 3.2767350673675537
4226656983 | 3.0694196224212646
4910697113 | 55.36220049858093
8142022319 | 4.743305921554565
3390102215 | 16.19798707962036
6443307446 | 6.997931003570557
7613966760 | 22.330485343933105
7247511773 | 6.205167531967163
3372324181 | 4.652799606323242
5835975772 | 13.797879695892334
2926832072 | 8.197521686553955
7748194738 | 7.060790777206421
9238585920 | 4.940214157104492
2191821327 | 4.140269756317139
9334053661 | 78.29342269897461
9752852906 | 20.094918966293335
5356767298 | 1.3310270309448242
4892204681 | 8.290750741958618
3715812087 | 305.05023217201233
2536925103 | 17.40346670150757
7624138797 | 2.9289278984069824
3885438493 | 4.761974334716797
6045227223 | 3.6620664596557617
8080797581 | 308.8103220462799
3018157653 | 25.834595441818237
2412776820 | 9.091714859008789
9579324769 | 2.090601682662964
5814949826 | 11.526430606842041
2079657959 | 4.982420206069946
8356332242 | 5.63399076461792
8222347145 | 45.574065923690796
6454693615 | 61.07884621620178
7715690861 | 8.026416063308716
8725668580 | 5.158406019210815
2075072438 | 6.509195327758789
3386670388 | 53.50043535232544
2876410737 | 3.2892730236053467
1733739097 | 7.40487265586853
3190268338 | 6.174688100814819
6868265813 | 8.844032764434814
9181051465 | 6.435206174850464
4174373994 | 7.102646827697754
2424843543 | 46.01615023612976
1224730274 | 2.5542774200439453
9155898543 | 6.298802852630615
8724115437 | 51.544456005096436
2878519146 | 3.9025816917419434
6019144869 | 21.696040868759155
4745219141 | 6.273985147476196
6747621861 | 19.16717553138733
4234617304 | 18.020002126693726
4134088243 | 3.60140061378479
9974363783 | 2.7989819049835205
8988552006 | 5.4256591796875
5195680237 | 8.79237699508667
9989593330 | 77.07843375205994
2645908355 | 8.633043050765991
3146219769 | 305.5898218154907
5039414238 | 6.150160789489746
5422738598 | 4.757625579833984
1373356413 | 2.203218936920166
3001395033 | 2.54592227935791
1111120826 | 3.841902732849121
4632495059 | 4.261109113693237
3542899698 | 3.1662230491638184
8413133648 | 53.65142607688904
2746343630 | 3.215054988861084
3107243188 | 2.186723470687866
1965324023 | 1.832329273223877
3978798547 | 53.55294680595398
4161424061 | 7.2064292430877686
1012693470 | 7.344733238220215
8044658099 | 96.72275710105896
8955328062 | 4.1239025592803955
4468737966 | 10.400222539901733
8991000158 | 6.2088401317596436
2522200284 | 11.243231296539307
6400239473 | 58.49176740646362
6207976444 | 0.5777523517608643
6758874086 | 3.8745055198669434
1700721177 | 8.6151864528656
5452242001 | 7.687103509902954
7888111036 | 2.9280221462249756
3256736401 | 15.071044921875
1676917989 | 53.64101219177246
2161219302 | 13.994440793991089
7053311474 | 4.660827398300171
9629498659 | 1.2498397827148438
1342768097 | 9.388963222503662
4919785791 | 7.302575588226318
4841062066 | 24.47155451774597
3538023657 | 56.44707012176514
8336936841 | 21.08138632774353
3843902981 | 4.528287172317505
7410010581 | 2.6786553859710693
1424120166 | 7.9192140102386475
5567018647 | 20.764439344406128
6093663675 | 52.9392466545105
4220842352 | 53.525556802749634
6224979551 | 0.868990421295166
7759692132 | 9.560033321380615
9879137278 | 6.403467655181885
2422628645 | 5.451773166656494
1005013888 | 25.790465831756592
9204068401 | 4.2561235427856445
7465171179 | 63.49927496910095
1427718572 | 18.6288959980011
7155731147 | 4.366039752960205
7139140565 | 5.284601926803589
4425662091 | 16.1263644695282
2212572255 | 8.627944707870483
6554516506 | 29.52070713043213
6481965044 | 3.1566905975341797
6963257093 | 4.462118864059448
2347435901 | 3.6007513999938965
3662096173 | 3.588714599609375
4612904917 | 30.317914724349976
8633254952 | 54.31665921211243
9017342081 | 3.316749095916748
9566974328 | 9.50490927696228
9326265210 | 52.21998715400696
8184113635 | 5.0934412479400635
7297066940 | 7.248633623123169
9243764324 | 5.681233882904053
9367191913 | 5.823854923248291
8882039784 | 52.95691394805908
9559844734 | 2.275911569595337
1724655354 | 6.987616777420044
7909003928 | 34.23270320892334
5785147131 | 3.824690103530884
9542422277 | 14.00402021408081
2118535865 | 4.31732177734375
6418225441 | 7.720111131668091
1874197645 | 14.826110124588013
5529612288 | 5.451185464859009
1828227761 | 2.253619909286499
7330888357 | 4.299287557601929
1561222357 | 8.028529167175293
4097628428 | 5.861377716064453
6803350985 | 0.5830888748168945
2769149535 | 31.120904684066772
4296608015 | 59.984275102615356
7346021320 | 21.262885808944702
9251032492 | 1.6661736965179443
8004302104 | 2.416950225830078
8573115207 | 17.71009922027588
2723964615 | 3.611937999725342
7599586850 | 303.8061797618866
6392206551 | 0.9958689212799072
5587352909 | 56.244282960891724
8695777307 | 7.19189190864563
2395131089 | 5.8888468742370605
2517326763 | 19.353857278823853
3508249853 | 5.315636873245239
3652291267 | 20.788551807403564
4537676133 | 17.498432636260986
9622862950 | 57.614816665649414
4702590726 | 13.757856607437134
1649375198 | 7.6970062255859375
9560085344 | 7.740360975265503
8453861066 | 21.85008931159973
6816977355 | 16.1171133518219
5023524823 | 53.681520223617554
2992656906 | 7.428659200668335
5331846373 | 11.539237976074219
4825481812 | 6.439874649047852
9749984970 | 1.8319759368896484
3660789103 | 52.083662033081055
9610933583 | 0.8033807277679443
5692981930 | 5.254089832305908
8596717920 | 19.227853059768677
2387848912 | 43.80798554420471
4129031829 | 13.881297826766968
6538703457 | 7.053933382034302
7194890241 | 3.700843572616577
3219304318 | 4.731027364730835
9091103035 | 3.5922632217407227
7910116898 | 2.9131829738616943
2396409412 | 10.739721536636353
2579749318 | 55.58660125732422
5935222286 | 53.94781494140625
3141407025 | 3.47192120552063
4429920227 | 5.883377313613892
2766322217 | 28.341895818710327
8126206440 | 8.217616558074951
9334304556 | 2.5679330825805664
2015665382 | 6.641875267028809
8334998721 | 27.463702917099
9089473774 | 24.352657318115234
4413987100 | 6.333389759063721
4850171701 | 30.72900676727295
7430346693 | 15.217947483062744
8970386289 | 10.814435005187988
9718974185 | 1.3651683330535889
4810921114 | 53.45388102531433
5248989475 | 4.824300765991211
8122419342 | 1.7821292877197266
5076539303 | 5.938172340393066
3008979395 | 47.089224100112915
8745337959 | 8.47570538520813
8601589812 | 60.0441358089447
1325181042 | 7.265970945358276
5976427068 | 3.495980739593506
1348319003 | 10.095481872558594
7174205723 | 20.843318223953247
3699362043 | 2.3389105796813965
9850027791 | 2.8966064453125
1817443240 | 3.0529425144195557
8502477675 | 3.907559633255005
8298548993 | 2.972346782684326
2336541518 | 15.378044128417969
8553316963 | 301.20162200927734
7362673331 | 59.62063694000244
2700981656 | 6.785637378692627
5169518262 | 18.865803480148315
9855665714 | 57.76237154006958
8145221248 | 4.700650215148926
7873811374 | 5.984730005264282
4215024035 | 12.32620644569397
1981319163 | 3.370858669281006
1117027511 | 5.877771615982056
1293944873 | 1.9572060108184814
3978823733 | 2.89439058303833
6335284614 | 3.745391607284546
1705228863 | 54.14196181297302
1969022084 | 56.091267585754395
7474081094 | 53.82948899269104
5292084830 | 14.677133560180664
2994003619 | 11.367864608764648
5326412822 | 1.8160395622253418
6895706276 | 53.750073194503784
5443480458 | 3.7876765727996826
9917390092 | 4.582914113998413
1684993592 | 2.6987478733062744
4751258569 | 6.548675775527954
8809794564 | 5.910348653793335
4476370739 | 15.959982872009277
9769020729 | 24.99633026123047
2739428391 | 53.84520936012268
1783593531 | 1.5249371528625488
6488172842 | 4.022670030593872
7353940610 | 2.181370735168457
6925450335 | 20.44827675819397
5676410336 | 3.405595541000366
1599259237 | 61.88350439071655
6953628067 | 5.140457630157471
6275508917 | 1.4987499713897705
8132896421 | 4.038023233413696
5258965739 | 3.5662996768951416
4457268506 | 3.1271491050720215
3497621111 | 303.9253270626068
8958107418 | 2.044036388397217
8366453290 | 5.504704475402832
8630711528 | 7.171463251113892
2986246850 | 5.678716421127319
4289567909 | 0.938626766204834
6583549550 | 54.099613666534424
6789478466 | 4.838414907455444
6654264549 | 4.0836615562438965
2200107472 | 1.4923148155212402
5706790403 | 7.841784954071045
6909299492 | 3.6429662704467773
5119728302 | 22.80192494392395
1371590484 | 5.961551666259766
7637596221 | 5.940912246704102
6866298502 | 15.751415252685547
9998376549 | 0.5984475612640381
2606173286 | 19.64953112602234
2148045901 | 1.7775931358337402
6625471094 | 9.537949562072754
1913802485 | 4.140569448471069
8250814148 | 11.560362339019775
2517921877 | 21.863324880599976
2824800208 | 9.115049600601196
3394695739 | 55.62466812133789
4390211484 | 3.048593282699585
4729651828 | 56.18306803703308
1769238037 | 2.6605496406555176
1611948253 | 43.01605010032654
9699118802 | 48.626476764678955
4650729060 | 2.5267674922943115
1871510175 | 4.331042289733887
2534848770 | 2.3117573261260986
9737294335 | 4.283905744552612
6786793512 | 1.8282482624053955
1082709262 | 21.517266750335693
8531353772 | 19.80477476119995
2782135909 | 6.5634942054748535
4941882859 | 3.717177629470825
3367642412 | 6.541225433349609
8362589325 | 2.412559986114502
5330263334 | 3.382472515106201
7658878616 | 56.5069854259491
9410530240 | 5.642843246459961
8239833419 | 20.579307079315186
8092602316 | 4.989519119262695
6085171697 | 2.064319610595703
7079467992 | 3.5275843143463135
4707635285 | 53.54441595077515
8986814592 | 7.367520570755005
3281621734 | 3.7946009635925293
9415520890 | 0.8163676261901855
1422068501 | 5.335530519485474
6725084743 | 2.361415147781372
1041688852 | 12.853800296783447
6477201544 | 307.3823835849762
1604074451 | 5.8236401081085205
5646992998 | 3.820533514022827
9168767453 | 13.660264730453491
7150407329 | 0.5809054374694824
3377357321 | 2.5411293506622314
7349172329 | 2.0863959789276123
9273971166 | 3.128443956375122
6313848277 | 3.7552568912506104
9428862206 | 8.433425664901733
5391741697 | 3.582280158996582
5330754965 | 81.99010896682739
9574590592 | 100.65754318237305
4966957516 | 8.977562665939331
2761747473 | 3.596907138824463
6642893401 | 2.4508213996887207
3625793555 | 8.606663465499878
8647090861 | 17.17377519607544
3386946506 | 10.802072048187256
8111474286 | 57.89249873161316
9954324397 | 4.034871578216553
3080400522 | 0.9699921607971191
7404283511 | 17.03139066696167
2937983496 | 8.384271144866943
2735032227 | 8.308377981185913
4105587344 | 1.7794733047485352
4971946373 | 1.38621187210083
2875536660 | 54.439645767211914
8288068081 | 2.3170502185821533
2294589287 | 59.3629252910614
1552042264 | 8.97448468208313
3341354096 | 2.3386526107788086
8358727173 | 3.818307399749756
6055439288 | 9.65581226348877
2148097078 | 62.17381739616394
3343801673 | 4.7148826122283936
4772445702 | 1.4266278743743896
3342307724 | 3.338718891143799
5718787929 | 2.2975332736968994
5799520468 | 57.818703174591064
1545878710 | 3.5753960609436035
5114810774 | 62.82557201385498
6369325170 | 55.36510682106018
5374540208 | 52.29117250442505
6105768452 | 26.051753520965576
1885825380 | 5.7133917808532715
2607851218 | 7.928420782089233
1916366376 | 11.351888179779053
9560938490 | 3.9873390197753906
2930214360 | 5.630144357681274
1376751091 | 4.124039649963379
9512442070 | 3.285602331161499
1000039149 | 4.357567548751831
2091303993 | 12.589909553527832
8292981630 | 307.1912684440613
8172269632 | 310.61968421936035
9175743944 | 54.47134447097778
3414432646 | 51.65902137756348
8148139079 | 7.4418158531188965
8006401210 | 1.4249379634857178
2750318288 | 15.684563636779785
5023620119 | 51.161646604537964
4233554567 | 0.5732417106628418
4971740846 | 6.291810035705566
1651401088 | 7.46220850944519
3504722448 | 1.1917171478271484
2727441023 | 20.29677438735962
7351845631 | 3.0867645740509033
2418059976 | 7.439432859420776
3220880722 | 4.9276814460754395
3001192472 | 7.622054576873779
7990503193 | 4.002859592437744
6851855291 | 2.972609519958496
3687010968 | 4.134129524230957
1772039598 | 50.92806434631348
2677299901 | 4.635084867477417
3921499730 | 15.48922348022461
7717062627 | 303.83651852607727
5336264683 | 57.43285274505615
8387324852 | 8.07784390449524
3518956261 | 4.891163349151611
1242506257 | 4.910951852798462
6298354057 | 54.70324206352234
6782385873 | 83.34104371070862
8344942023 | 6.430249214172363
3568522065 | 17.203075885772705
6952288749 | 16.053208351135254
8132493631 | 13.098642349243164
8988067122 | 7.491023302078247
3758680115 | 16.961252689361572
3873740935 | 4.5933966636657715
9474277269 | 9.993827819824219
3920840076 | 38.83827519416809
1666266785 | 51.31537985801697
2635190754 | 2.9827799797058105
7016522853 | 6.866953611373901
8630101503 | 3.886138916015625
5474539668 | 1.153243064880371
4378179777 | 5.6469621658325195
9180583798 | 58.55138158798218
3589373007 | 20.31265354156494
7722017264 | 4.875969648361206
5230756946 | 2.9226248264312744
2598035455 | 56.33268690109253
3397147774 | 53.37721586227417
9932772848 | 4.183222532272339
6087521494 | 28.669965028762817
8872477446 | 18.849973678588867
9089655917 | 52.09991478919983
5256219179 | 2.1286110877990723
1211541770 | 1.2990188598632812
4605111032 | 1.5052454471588135
6104395091 | 20.925882816314697
3060334215 | 6.2028889656066895
6939342112 | 7.450248956680298
5686262312 | 6.041241407394409
5603639726 | 4.213113307952881
1386635848 | 20.146564960479736
4279348099 | 12.505645036697388
4328819456 | 8.321861743927002
3082562414 | 3.805872917175293
4427866419 | 10.54184865951538
1038723307 | 4.418966054916382
4767550891 | 2.119593858718872
9833060300 | 52.76704955101013
6054273703 | 11.370601415634155
3917151934 | 309.26737093925476
4395051936 | 1.4698655605316162
6615172076 | 55.86216402053833
3443206380 | 5.106721878051758
4752936296 | 6.3380444049835205
7658810690 | 2.9686801433563232
8885193263 | 2.3810861110687256
8262977594 | 0.553208589553833
4135789833 | 6.322243690490723
4655715387 | 4.142579078674316
4192231339 | 1.6396124362945557
6211012134 | 4.56848669052124
6989850946 | 8.121623277664185
2971690654 | 0.5574429035186768
2911850520 | 4.388275623321533
8794795200 | 2.784177541732788
4041847690 | 312.0698628425598
6659700449 | 9.814553022384644
4002426187 | 52.2889518737793
8906364534 | 62.76455807685852
8019281761 | 64.39706325531006
2101495702 | 57.016844511032104
1338361228 | 54.187103271484375
1918266118 | 11.434867858886719
4684810275 | 2.430279016494751
6567528037 | 21.790635585784912
9483355516 | 2.353029727935791
4259355392 | 2.081723213195801
5871923649 | 31.659600019454956
1811128086 | 22.626857042312622
3591096400 | 53.66572070121765
6036180771 | 10.613383054733276
8429162616 | 8.20914101600647
4615193746 | 51.77331757545471
2943614938 | 17.995911598205566
7248547012 | 5.375991582870483
6228955195 | 63.590980529785156
1033357432 | 14.050989627838135
1491829999 | 18.18497896194458
8892485071 | 7.572368621826172
9434041656 | 70.17509007453918
4231413910 | 2.3990612030029297
1546918846 | 301.6730217933655
5297878394 | 8.251819849014282
6164693184 | 4.644615173339844
5779193118 | 18.39892292022705
2216112441 | 52.19352960586548
2936164517 | 5.521780252456665
6754170918 | 3.5896246433258057
4992436177 | 3.730931282043457
5418555928 | 51.01285099983215
3230589143 | 15.05228567123413
4819136561 | 16.6258864402771
6483661066 | 5.891238451004028
3131408342 | 32.258877992630005
7222259128 | 24.291698217391968
6375496459 | 3.4526889324188232
1255559141 | 9.126234292984009
7543533330 | 10.756224393844604
7840801070 | 2.7641639709472656
9674108922 | 4.17484450340271
9153127277 | 19.430439949035645
1801745809 | 6.660895347595215
3368983888 | 21.5194194316864
5270093131 | 4.180223226547241
9508332546 | 12.549423217773438
8373515061 | 26.07667565345764
4366496034 | 8.326336860656738
6152262200 | 1.7486236095428467
5707296564 | 3.554232597351074
2115350616 | 5.650718927383423
5669846517 | 64.40374302864075
9028844517 | 5.179916143417358
6138257087 | 53.46623992919922
8132932213 | 1.8789541721343994
2676452930 | 3.811596155166626
6026472923 | 4.47452449798584
5231669837 | 302.2820029258728
3724404482 | 52.79771375656128
1677589978 | 3.9140207767486572
1779664835 | 4.158611297607422
9757928076 | 5.0275349617004395
2669175262 | 1.7552812099456787
7746751401 | 55.35178351402283
8201408047 | 1.8732318878173828
7841112202 | 3.942464590072632
1044091951 | 3.3659560680389404
4043609162 | 3.5991570949554443
4897498481 | 19.725573778152466
4263742941 | 4.898303747177124
5893284159 | 10.385343074798584
4863364633 | 3.49328351020813
8718903889 | 10.207929134368896
8233457221 | 5.923272132873535
9049280861 | 2.8502817153930664
2182541701 | 4.1209022998809814
4904201176 | 4.297776937484741
7695260631 | 8.740919828414917
5185746920 | 7.622632741928101
3945875683 | 4.575835227966309
3672294547 | 6.817531585693359
2687812379 | 4.87324595451355
3026818629 | 3.9322714805603027
2647573955 | 9.340625047683716
1854914523 | 19.5354220867157
6196172179 | 52.61625909805298
3318698411 | 1.760784387588501
2291885780 | 3.3649778366088867
5008853342 | 51.70061492919922
7689931265 | 2.091130018234253
5678490357 | 9.652731895446777
8380085134 | 303.80287981033325
4750397823 | 3.5800328254699707
9458613214 | 0.552448034286499
3449104494 | 15.84431791305542
