7279781003 | 1.4338088035583496
8508270451 | 2.1004226207733154
8019281761 | 0.007026195526123047
3456951214 | 2.543821334838867
4443524472 | 1.6160621643066406
2101495702 | 2.0143821239471436
3032646560 | 7.640165328979492
1338361228 | 3.090902090072632
5961935595 | 2.1895174980163574
2919590940 | 2.3621113300323486
2491309033 | 0.006677389144897461
8942377257 | 3.790684223175049
2794340251 | 4.695103883743286
4613472817 | 2.608172655105591
3561723936 | 3.14603590965271
3435212339 | 3.8297698497772217
8106279239 | 2.7188901901245117
4459298142 | 1.6504437923431396
1918266118 | 1.821997880935669
3155042378 | 2.981503963470459
4684810275 | 1.1195013523101807
3650377565 | 4.883592128753662
2266728282 | 4.825123071670532
6567528037 | 3.228001356124878
9728252365 | 4.011544942855835
1567480878 | 3.1235668659210205
9483355516 | 7.597142457962036
4259355392 | 1.855057954788208
5871923649 | 0.9437549114227295
1811128086 | 0.9154443740844727
3591096400 | 0.37569618225097656
6036180771 | 1.8993539810180664
8332375026 | 1.2928218841552734
7747524041 | 2.0911037921905518
3268816780 | 2.304802417755127
8429162616 | 3.139521598815918
1562848858 | 3.7673444747924805
4615193746 | 0.007033348083496094
9613697194 | 3.0099093914031982
8758683531 | 0.008019685745239258
5114743938 | 10.24452805519104
5003121723 | 2.17478084564209
2943614938 | 1.7532737255096436
7248547012 | 2.5766854286193848
6228955195 | 0.3385903835296631
5307495877 | 2.179948568344116
1033357432 | 1.4442496299743652
4832024329 | 1.6043202877044678
6792644874 | 0.010299921035766602
8494704631 | 1.2483100891113281
7663293021 | 4.571909427642822
1491829999 | 7.28925633430481
5831835564 | 6.3291404247283936
8892485071 | 0.007004261016845703
9434041656 | 2.9865610599517822
8094348977 | 0.007307291030883789
3346575993 | 3.545039415359497
8515037045 | 3.248337507247925
8938062272 | 2.2524220943450928
7509428228 | 0.008376598358154297
4231413910 | 2.2527945041656494
1546918846 | 2.5185441970825195
5937548433 | 2.803483486175537
5297878394 | 4.630799055099487
2440027868 | 0.007618904113769531
2410068980 | 2.2701759338378906
6164693184 | 0.9263429641723633
5267516190 | 5.562875986099243
5779193118 | 3.4534494876861572
2216112441 | 1.0811731815338135
5392599787 | 9.281949758529663
5500139616 | 0.007883548736572266
4011432153 | 0.006500720977783203
2936164517 | 0.007536411285400391
6754170918 | 3.2897090911865234
5006721284 | 1.8932733535766602
4992436177 | 3.298504114151001
5418555928 | 5.518597841262817
1506985012 | 1.3043851852416992
3230589143 | 0.007400035858154297
4819136561 | 0.00735926628112793
7220254664 | 5.547808647155762
6483661066 | 2.970686912536621
3131408342 | 4.37484884262085
7222259128 | 2.4965920448303223
6261437677 | 2.4971182346343994
6375496459 | 0.006301164627075195
2238419171 | 0.007482767105102539
1255559141 | 0.3469388484954834
2956805633 | 3.876405954360962
7543533330 | 3.349412679672241
1074035241 | 0.007241487503051758
2673718662 | 13.807787895202637
1967135672 | 3.7724392414093018
9472682152 | 0.007272481918334961
7840801070 | 0.007359027862548828
9674108922 | 2.0065298080444336
9153127277 | 4.007398366928101
4197813491 | 0.5651357173919678
1801745809 | 9.436430931091309
1149843377 | 6.343867063522339
3542899698 | 0.007427692413330078
6945122787 | 1.9206116199493408
8413133648 | 3.0739657878875732
2746343630 | 0.007775545120239258
8893663459 | 1.8759160041809082
3107243188 | 3.4457011222839355
6278288910 | 1.4302725791931152
6207754646 | 5.968587875366211
1965324023 | 1.6118731498718262
4354139608 | 0.3826470375061035
7582586596 | 1.360640525817871
5701417789 | 5.187803268432617
3978798547 | 2.623727798461914
7138892389 | 4.6207661628723145
7803587935 | 1.077662706375122
9059778660 | 7.949860095977783
1891100898 | 2.6925647258758545
1944132980 | 1.288020133972168
3527389547 | 1.8395285606384277
4718889598 | 0.006159305572509766
4161424061 | 0.24760675430297852
1012693470 | 1.406761884689331
3719333603 | 0.006052970886230469
8044658099 | 8.08457350730896
6233316721 | 1.0889651775360107
3865477824 | 0.0068359375
8955328062 | 1.3856890201568604
3436214487 | 0.008623361587524414
4468737966 | 0.007815837860107422
8991000158 | 4.802946329116821
2522200284 | 1.5227241516113281
6400239473 | 0.009279966354370117
6207976444 | 12.416883707046509
6758874086 | 3.2675583362579346
1669961260 | 4.286873817443848
1827007317 | 12.010198831558228
5443796451 | 2.6562552452087402
6570239529 | 1.8658478260040283
1700721177 | 2.0934693813323975
7641381346 | 3.694423198699951
5452242001 | 2.9840660095214844
7888111036 | 1.9180974960327148
3256736401 | 0.008634567260742188
1144489668 | 0.008787393569946289
1676917989 | 1.4959988594055176
5362695752 | 4.217051029205322
2161219302 | 0.6743004322052002
3287001554 | 1.5164756774902344
4356722183 | 2.998401641845703
7053311474 | 3.769066572189331
9629498659 | 2.143148422241211
1342768097 | 3.5917575359344482
1267579112 | 1.4720070362091064
4470203319 | 6.890756845474243
1627788311 | 2.196834087371826
8790981697 | 2.748199701309204
1012283447 | 1.8385918140411377
4919785791 | 2.653136968612671
4841062066 | 4.655003786087036
3538023657 | 1.503856897354126
4907678648 | 3.005593776702881
2736549774 | 7.920877695083618
9864289176 | 0.008487939834594727
7791332265 | 3.282992124557495
8336936841 | 0.9116320610046387
8118054756 | 1.9600718021392822
3843902981 | 0.007467985153198242
7410010581 | 5.159352540969849
1424120166 | 1.2845499515533447
5567018647 | 0.6674027442932129
4503052500 | 0.010316610336303711
2022113199 | 2.6762726306915283
8081667220 | 0.007694721221923828
2515365103 | 0.008610725402832031
6710318636 | 1.6688408851623535
7495086485 | 1.6027281284332275
6093663675 | 4.40444540977478
4220842352 | 1.3828482627868652
8051866444 | 10.122063636779785
6224979551 | 0.008156538009643555
2940295019 | 2.394465208053589
4664283403 | 1.5009465217590332
7759692132 | 10.267133474349976
9879137278 | 2.0602214336395264
1822936710 | 0.008029699325561523
2422628645 | 4.742783546447754
1562859387 | 1.254866123199463
5964370098 | 1.7596077919006348
9650633256 | 0.0075452327728271484
1005013888 | 1.1088168621063232
9204068401 | 4.4875853061676025
7465171179 | 5.488745212554932
1427718572 | 3.5062344074249268
7155731147 | 2.08099627494812
4818211539 | 0.9366822242736816
7139140565 | 2.7940192222595215
4511258379 | 3.524129867553711
4425662091 | 1.8920714855194092
2212572255 | 5.061362266540527
3274337669 | 3.9463987350463867
3368983888 | 4.1116416454315186
4495718928 | 4.880163192749023
5270093131 | 3.6970086097717285
2695017967 | 1.2031424045562744
9508332546 | 2.9465863704681396
8373515061 | 3.1795146465301514
4635603058 | 2.0423390865325928
6023265692 | 0.00730586051940918
4366496034 | 1.5782647132873535
6152262200 | 4.09349513053894
5707296564 | 1.5234920978546143
6847679805 | 5.362813472747803
2115350616 | 4.2593042850494385
5669846517 | 1.560250997543335
1683318177 | 0.006075620651245117
5166470105 | 5.843461751937866
9028844517 | 1.9369800090789795
6138257087 | 0.006512641906738281
3055199527 | 0.6776657104492188
1626439113 | 1.2446656227111816
8132932213 | 0.007846355438232422
3180341511 | 1.6257641315460205
8678371419 | 4.511935710906982
2770635960 | 2.049673080444336
2676452930 | 1.9230937957763672
5078567756 | 1.5483548641204834
1319956490 | 1.0320353507995605
6026472923 | 2.1923303604125977
6198168987 | 1.2275619506835938
8290849470 | 0.8566584587097168
6396241030 | 0.008008241653442383
5231669837 | 0.586336612701416
9516132209 | 0.007686138153076172
3724404482 | 7.2519447803497314
8339614890 | 0.006891965866088867
1677589978 | 19.8957622051239
1779664835 | 0.7416524887084961
9757928076 | 5.846708297729492
2669175262 | 0.0071032047271728516
7746751401 | 1.4694404602050781
8201408047 | 2.038870334625244
1623575956 | 3.650893449783325
7841112202 | 0.007154941558837891
1362323559 | 1.674248456954956
1044091951 | 5.341464519500732
4043609162 | 1.6752207279205322
6494246152 | 4.046294212341309
9894716446 | 0.7072594165802002
8934471036 | 10.535387992858887
4897498481 | 2.9244189262390137
8512273402 | 5.460307598114014
4263742941 | 1.366997241973877
5893284159 | 4.366861343383789
4222227686 | 0.32637500762939453
4863364633 | 2.614147424697876
8718903889 | 2.873018264770508
4031227089 | 2.3205764293670654
4423790244 | 0.007657051086425781
8233457221 | 1.7836477756500244
9049280861 | 6.345414638519287
1707399142 | 0.35022902488708496
1141883054 | 3.8177852630615234
5016083215 | 1.1232233047485352
9333366816 | 4.474217414855957
4964554490 | 2.1057138442993164
4956716773 | 6.274038791656494
6276681516 | 1.3755552768707275
2182541701 | 7.724849462509155
4904201176 | 8.713618516921997
7695260631 | 3.2452311515808105
5185746920 | 1.24861741065979
3945875683 | 3.2104716300964355
3672294547 | 1.4496562480926514
3848900183 | 4.461082696914673
2687812379 | 1.9661941528320312
5275154533 | 0.577653169631958
3026818629 | 0.008402824401855469
1922287440 | 1.766197919845581
2647573955 | 1.8724102973937988
1854914523 | 0.00800776481628418
6196172179 | 2.288597822189331
1450035734 | 9.962089776992798
8487859174 | 1.3558990955352783
4355751116 | 0.006646156311035156
8257961802 | 1.349980115890503
3318698411 | 1.2993431091308594
3485080992 | 0.0077571868896484375
2291885780 | 1.5659174919128418
8626216222 | 1.1284375190734863
8944776077 | 3.5064404010772705
5008853342 | 1.1185417175292969
7689931265 | 1.3133060932159424
6318719117 | 1.2439296245574951
5678490357 | 0.011069059371948242
8380085134 | 10.504697561264038
4750397823 | 5.069278955459595
4509681043 | 3.5258049964904785
9458613214 | 1.9275658130645752
3449104494 | 0.008778572082519531
6378094928 | 3.2525224685668945
8066534677 | 0.009752750396728516
2874770416 | 2.8270742893218994
7552035307 | 0.007424831390380859
8826622667 | 5.614696264266968
6866815373 | 0.0074193477630615234
2307872538 | 15.651999950408936
1370121616 | 13.154545783996582
3156104449 | 8.381854057312012
7257045310 | 1.7923672199249268
5208240074 | 4.6717729568481445
5202114196 | 0.00836181640625
9069512482 | 1.632429599761963
7404716824 | 0.007582426071166992
1123276281 | 0.007731914520263672
3757847172 | 0.7837846279144287
8046792156 | 4.2696802616119385
8406750099 | 0.7104599475860596
8625379660 | 3.6974499225616455
9215442197 | 0.714221715927124
7055214469 | 8.38516354560852
1591083110 | 1.6030333042144775
8854391955 | 0.0062541961669921875
7500716013 | 2.532001495361328
8626845640 | 6.4875404834747314
3409720414 | 1.0197665691375732
7436499329 | 0.7642803192138672
2372986178 | 4.973554611206055
8050064285 | 1.0210750102996826
8547536777 | 3.5249974727630615
8951035886 | 0.009606361389160156
7932105145 | 3.7373409271240234
3973957431 | 0.007329702377319336
4417591171 | 4.445200681686401
2784172186 | 2.705293655395508
4920581937 | 4.672011137008667
4760329731 | 3.3629887104034424
6094948875 | 1.4702284336090088
1072917801 | 3.779700994491577
7228141762 | 1.6608853340148926
8861691145 | 3.552345037460327
6638520485 | 2.754868984222412
9943126747 | 0.39757370948791504
7973989520 | 1.1739258766174316
8876896948 | 3.9427921772003174
6322045509 | 2.692502021789551
6802661339 | 2.388810873031616
2691155056 | 2.906700611114502
6988516302 | 5.629655361175537
3781845203 | 7.2563557624816895
9598139025 | 0.007640838623046875
6791343392 | 0.0062716007232666016
3925390321 | 0.00753021240234375
2473788719 | 5.309356212615967
9014363877 | 2.701779365539551
9967375025 | 2.7209794521331787
5634574514 | 5.920241832733154
9820567149 | 2.7359635829925537
2968561480 | 1.0986592769622803
9272146374 | 1.6466457843780518
3324052827 | 2.156064748764038
7697842163 | 2.056118965148926
7369608679 | 1.53995943069458
7039701183 | 2.6278655529022217
6107610185 | 2.8483574390411377
7051537598 | 1.858736515045166
9613925318 | 1.497999906539917
2537902606 | 1.1501049995422363
8489262253 | 2.000643014907837
8055622926 | 1.7238857746124268
9976111378 | 1.1933677196502686
2835178769 | 1.5808801651000977
2717919914 | 7.125020265579224
5313876807 | 1.1281378269195557
4330018777 | 0.014185667037963867
3305892215 | 5.903226852416992
9466991749 | 0.013855218887329102
3363749769 | 5.02097487449646
7518150518 | 2.0861454010009766
9526658796 | 4.874455213546753
4961514635 | 1.8577663898468018
6894704475 | 0.007565736770629883
4166230256 | 1.5225045680999756
4322282376 | 0.005712032318115234
6856700122 | 1.4003725051879883
6600346476 | 3.3134684562683105
6692430039 | 0.8447320461273193
4452669875 | 5.5400002002716064
8910379303 | 2.3091025352478027
2578288150 | 7.041386604309082
3336241373 | 0.006361961364746094
8970944561 | 3.1959729194641113
9967586202 | 6.738871097564697
3725085852 | 0.006974220275878906
9833874631 | 0.635016918182373
1808917692 | 3.898050546646118
6551965647 | 2.235720157623291
8634603576 | 0.8685755729675293
6931136039 | 4.475893259048462
2763212095 | 2.9654462337493896
5562744305 | 1.4558043479919434
3272363494 | 2.9147825241088867
8848341759 | 0.5750234127044678
4473352374 | 0.0068204402923583984
9266014752 | 2.393148422241211
8927366587 | 2.878391981124878
7963362299 | 0.7035987377166748
6925084435 | 2.7440357208251953
1211989244 | 0.007784366607666016
6125011852 | 1.4965295791625977
9381853176 | 6.60087251663208
9570736469 | 0.007998943328857422
9218332094 | 8.170800924301147
3098715211 | 1.8593087196350098
8074470489 | 0.30679798126220703
9232549506 | 7.311314105987549
8243858282 | 0.9877445697784424
6540293140 | 0.006216526031494141
4068199803 | 8.074266910552979
8375126046 | 0.007799863815307617
1647188328 | 3.1478984355926514
4597952365 | 2.7377240657806396
3188591462 | 0.4420440196990967
1025995624 | 2.2843217849731445
2986031392 | 0.008479118347167969
1302343189 | 13.817430973052979
3643246936 | 0.11354494094848633
9832613917 | 0.5365877151489258
8178679348 | 2.6109354496002197
4961433426 | 0.007669687271118164
1927871473 | 4.193959712982178
9776354749 | 0.9748108386993408
3631328289 | 4.873053312301636
2014820416 | 0.009340286254882812
1355512325 | 1.4313750267028809
5085258341 | 1.1118991374969482
9921891356 | 2.323183536529541
1811383492 | 6.892566204071045
4526612895 | 1.3353862762451172
9586470905 | 3.756503105163574
8565099138 | 8.950467824935913
2295587572 | 3.4913570880889893
9685030394 | 0.009290933609008789
2301204410 | 3.4470767974853516
3336181122 | 1.2346463203430176
4151914692 | 0.535541296005249
7277241468 | 0.008542060852050781
2162917710 | 2.5758461952209473
8268900914 | 7.629745006561279
3255337049 | 4.384040117263794
6634912184 | 1.1581156253814697
4231257533 | 1.669609546661377
4966695429 | 5.391373634338379
3340630740 | 0.00883173942565918
6401241155 | 0.00837087631225586
5831788080 | 4.201260566711426
1495126593 | 0.007360219955444336
3989726958 | 6.793911695480347
5107602120 | 0.00693511962890625
3331082297 | 4.360170125961304
7276171324 | 6.168876886367798
8845045257 | 13.43779706954956
6243684898 | 1.2029500007629395
3121346849 | 0.008295774459838867
1695474963 | 3.0810129642486572
3439561608 | 6.123080492019653
9150864760 | 5.761349439620972
8375497154 | 1.4367008209228516
3892704422 | 1.1519806385040283
5104355416 | 5.2911975383758545
6492993596 | 3.668800115585327
3053839588 | 2.367734432220459
1252002257 | 0.4613933563232422
5850048192 | 7.867577075958252
6383981746 | 0.006582736968994141
1872527799 | 12.965558528900146
6372925842 | 1.5126793384552002
5065491116 | 0.9967687129974365
9625692723 | 6.4574174880981445
8368269095 | 0.007406473159790039
5596624074 | 1.7718021869659424
6435702277 | 13.643283128738403
1662656213 | 2.2082598209381104
5745837456 | 0.006308555603027344
5927622503 | 0.006930112838745117
3860152716 | 0.005759716033935547
3153204149 | 2.032960891723633
6922402392 | 8.42875862121582
6009242321 | 0.005999565124511719
8886390619 | 0.0067899227142333984
5402282321 | 3.477309465408325
2444159857 | 1.792332410812378
1618084684 | 1.7607274055480957
3914126818 | 2.4432945251464844
7439850456 | 2.5592312812805176
2540755577 | 1.0431327819824219
3241563433 | 0.0090484619140625
3903241678 | 0.006646871566772461
6003183300 | 0.008198976516723633
1441324327 | 1.7944397926330566
5119706608 | 1.7345223426818848
1147938274 | 2.161456823348999
8457719890 | 1.114391803741455
7993539892 | 16.89867877960205
4381267952 | 2.124483585357666
5952826587 | 0.006967782974243164
5242485478 | 0.0075800418853759766
6825386824 | 1.4294636249542236
5036010917 | 2.445312976837158
1238895234 | 5.737945079803467
7669623761 | 2.124462366104126
9352198620 | 2.384121894836426
6330721101 | 1.6797981262207031
9846624399 | 1.3957147598266602
8584487943 | 5.044727802276611
8755618823 | 2.7022595405578613
8361592069 | 0.01086282730102539
7854303131 | 1.4751884937286377
7085540125 | 1.2827527523040771
5547842234 | 3.726311445236206
5120579016 | 1.5726711750030518
8964496009 | 1.9271271228790283
1671158456 | 4.864002227783203
7467881007 | 2.9308762550354004
2270483397 | 0.009716033935546875
6536588106 | 2.0974366664886475
2690720513 | 4.821813583374023
3280283215 | 2.6377806663513184
1273470611 | 3.736423969268799
7039586521 | 1.8347909450531006
9467733754 | 6.952328681945801
1444981363 | 4.000011682510376
5068302800 | 2.662180185317993
3263743802 | 0.006554365158081055
2571601524 | 0.006238460540771484
9968266765 | 3.269650459289551
7522590027 | 3.617248296737671
4651274573 | 6.6459667682647705
2968985525 | 3.4169504642486572
6307550997 | 3.2846579551696777
2311038287 | 3.4210171699523926
1821631932 | 0.007977008819580078
3000977139 | 1.3226463794708252
6900504687 | 1.618952989578247
5475280471 | 0.98830246925354
8327246410 | 0.8754851818084717
5774241874 | 1.575052261352539
5024569014 | 1.517885446548462
2419665912 | 0.0075266361236572266
9723218843 | 4.813471794128418
1654788900 | 1.2329862117767334
8482020432 | 0.008014917373657227
4938094785 | 4.68618106842041
7735149851 | 1.8560075759887695
4699807287 | 8.003995656967163
6329665975 | 1.7213413715362549
6641118209 | 4.4198901653289795
7062984306 | 7.46514892578125
9966894061 | 2.457613945007324
8926183521 | 4.214265584945679
4712720521 | 7.040977239608765
2836702976 | 1.542299509048462
4858135029 | 2.767310380935669
7846600702 | 0.008340120315551758
8411438020 | 0.9363257884979248
5659811830 | 3.8366315364837646
8944357971 | 1.1416809558868408
6027325935 | 4.0805230140686035
3312537469 | 3.7052834033966064
2970877275 | 3.6645045280456543
6242210326 | 5.572619199752808
4102226462 | 0.007476329803466797
8216136670 | 0.007233619689941406
5868128822 | 3.4506614208221436
6356002549 | 4.8633503913879395
1278583328 | 1.6238064765930176
7516776856 | 1.8000338077545166
6689687438 | 0.008017778396606445
5578177230 | 7.5284059047698975
6901749004 | 0.007622241973876953
6649367245 | 2.9423270225524902
6884910284 | 3.365260124206543
1103161047 | 2.714737892150879
3949300580 | 0.006657838821411133
8307465486 | 0.7075998783111572
9589794957 | 2.1683177947998047
5902241419 | 0.0061261653900146484
6540104734 | 4.679920196533203
1750331194 | 3.0078723430633545
9015021563 | 1.4845502376556396
9588890552 | 6.077308177947998
3556448818 | 2.3156590461730957
3214734825 | 4.123808860778809
4618774167 | 7.238665580749512
5665645155 | 4.125381231307983
3189831282 | 4.74677848815918
9446790878 | 0.9727957248687744
2616723370 | 0.8810033798217773
4080088992 | 6.325865268707275
5507649535 | 1.4558415412902832
9451051554 | 2.0381810665130615
1678639380 | 2.5972137451171875
3780626522 | 4.444673538208008
1806633659 | 0.008263587951660156
6304371488 | 1.967245101928711
9494846771 | 1.7432126998901367
7330638975 | 3.647378444671631
7236635718 | 3.3023734092712402
4162805081 | 8.344378471374512
5921107732 | 0.008067607879638672
8106965818 | 1.8218719959259033
5204192898 | 0.00877833366394043
7512639537 | 4.179044485092163
7533311824 | 0.007491350173950195
8328959672 | 7.812370777130127
2378016697 | 2.185526132583618
6701253233 | 1.0670249462127686
3238170395 | 1.517857551574707
3436807377 | 0.9642601013183594
4902150471 | 2.008645534515381
3967539880 | 3.5711092948913574
9208483209 | 0.8695652484893799
5777556117 | 3.2644782066345215
7035336872 | 0.9193625450134277
8300819429 | 0.9060695171356201
2173215878 | 2.3770368099212646
3965355057 | 0.5813589096069336
1062797837 | 1.889085054397583
2807291733 | 0.009171247482299805
8909705257 | 1.1317434310913086
9381371289 | 1.9273457527160645
5838711785 | 7.2367939949035645
1891794651 | 10.624380826950073
9397655658 | 0.011786937713623047
9730754113 | 1.6271395683288574
5047794028 | 0.006468296051025391
1793615298 | 1.6706204414367676
3911952863 | 0.8609955310821533
8711913728 | 2.634277105331421
4471389732 | 2.12419056892395
1938405553 | 10.322235822677612
5752407848 | 2.7873661518096924
3186090161 | 5.316129684448242
9207923245 | 1.6224939823150635
3433710096 | 0.00842595100402832
7462047404 | 1.1458063125610352
1475844611 | 6.742021083831787
1494146325 | 3.8671092987060547
9603399130 | 1.9023733139038086
1473929337 | 5.074932098388672
1508287843 | 10.317867040634155
8121564714 | 2.7590339183807373
9655711578 | 0.00919485092163086
6641212323 | 2.1231489181518555
8359667420 | 1.439643383026123
6037371718 | 2.2890989780426025
5298992948 | 0.007592678070068359
5020182094 | 7.03560471534729
1454822853 | 1.5808930397033691
2711923408 | 3.5145535469055176
7266213923 | 0.9075019359588623
2711517979 | 1.8295979499816895
4937543847 | 1.401693344116211
5102836612 | 0.008759498596191406
8600560264 | 4.095020771026611
2198521439 | 6.218231439590454
3576169992 | 6.211167097091675
1302211625 | 2.5911240577697754
8119623708 | 0.006880760192871094
7286059702 | 2.2349166870117188
7318286735 | 0.0063397884368896484
1238036370 | 2.6946897506713867
1225229089 | 7.645831108093262
3124925699 | 4.4146668910980225
3215731140 | 2.806619167327881
5862840932 | 4.483676910400391
2475221844 | 0.0076198577880859375
7532465195 | 4.989778995513916
6453799462 | 1.016014575958252
9897234049 | 3.16336989402771
9890229500 | 7.458916902542114
5832880770 | 6.750471591949463
3763772639 | 1.9160528182983398
9204854779 | 0.007910728454589844
7471913975 | 3.4173195362091064
8981669331 | 1.1507341861724854
8620527998 | 2.4508883953094482
4594567861 | 3.556997299194336
1027014311 | 3.986189365386963
6473289203 | 4.501360177993774
8590193968 | 0.005945444107055664
5041950078 | 0.006554603576660156
7874783550 | 0.007796525955200195
6681922960 | 0.9726254940032959
9412664559 | 2.328963279724121
3017612578 | 1.396758794784546
3433287248 | 11.571924448013306
4335398958 | 2.3374342918395996
4811842230 | 6.616798400878906
5054832361 | 0.6984086036682129
8068788119 | 2.5126819610595703
7613966760 | 3.4312283992767334
7247511773 | 3.1886024475097656
3372324181 | 6.663358449935913
7491587068 | 0.0074231624603271484
5835975772 | 6.536251544952393
8877673223 | 0.6111738681793213
3979608274 | 1.5451467037200928
2926832072 | 0.008008241653442383
5877172607 | 4.19910192489624
7112179506 | 3.7662079334259033
8356815362 | 1.42842698097229
6230284675 | 1.709392786026001
7748194738 | 1.0413916110992432
9238585920 | 4.4924116134643555
2191821327 | 0.017132997512817383
9334053661 | 2.575760841369629
7905777762 | 3.602095127105713
9752852906 | 1.8497765064239502
6886486069 | 5.145714521408081
5356767298 | 5.296555757522583
7610944549 | 2.028247833251953
6914029644 | 2.659320116043091
6045216108 | 3.0429775714874268
4892204681 | 0.007814407348632812
3715812087 | 4.28616738319397
2536925103 | 0.007184743881225586
8542654263 | 3.527233123779297
4969554551 | 12.288025140762329
7624138797 | 0.00744938850402832
3885438493 | 0.28452634811401367
8552473172 | 0.008298158645629883
7655864294 | 0.007229804992675781
6045227223 | 4.876006126403809
8080797581 | 0.007545948028564453
3018157653 | 6.750174522399902
2412776820 | 4.753912925720215
9579324769 | 2.901700019836426
4184383184 | 1.958561658859253
5814949826 | 4.9984540939331055
2079657959 | 3.521134614944458
5192803521 | 0.5736889839172363
4998846083 | 13.911484479904175
4144209940 | 0.007884502410888672
8356332242 | 3.994649648666382
8222347145 | 6.235150575637817
6454693615 | 6.577624082565308
7715690861 | 0.007315635681152344
8725668580 | 3.5399322509765625
2075072438 | 0.546710729598999
2549636038 | 0.8002023696899414
9153211259 | 1.8649628162384033
3386670388 | 3.3365111351013184
2876410737 | 0.007661104202270508
1733739097 | 7.649609804153442
3190268338 | 4.212571382522583
7235611256 | 1.2596092224121094
6868265813 | 1.8091793060302734
9181051465 | 3.6735734939575195
4174373994 | 2.3913309574127197
2424843543 | 2.0844016075134277
4889245766 | 4.822992563247681
1259920682 | 1.7778127193450928
1224730274 | 0.007616996765136719
6119204613 | 4.981542110443115
9155898543 | 0.006581783294677734
8724115437 | 1.923980951309204
2878519146 | 0.9625389575958252
6019144869 | 0.010123491287231445
8308851180 | 1.975217342376709
4745219141 | 4.577370882034302
4902543842 | 0.009945869445800781
7971719303 | 1.9621219635009766
6747621861 | 1.3397839069366455
4234617304 | 5.583042860031128
4134088243 | 2.2861039638519287
8010471793 | 4.459932327270508
6995540390 | 2.708099842071533
9974363783 | 4.043185472488403
8988552006 | 6.440635681152344
5195680237 | 0.0074536800384521484
9989593330 | 2.0689971446990967
2534574989 | 0.006616115570068359
5847736544 | 2.264693260192871
5047476267 | 1.9145617485046387
2645908355 | 6.203883409500122
7637408950 | 1.7872395515441895
6645702727 | 4.660781621932983
3146219769 | 6.297827959060669
5039414238 | 0.006733417510986328
4172570162 | 5.59097146987915
8959099743 | 3.797003746032715
1378079289 | 4.434347152709961
5422738598 | 3.2755324840545654
1373356413 | 7.38930606842041
9734636773 | 1.2284917831420898
3001395033 | 2.134713888168335
1111120826 | 0.4265925884246826
1008165450 | 1.9389019012451172
4632495059 | 1.5179145336151123
5505064510 | 5.621033668518066
3930630351 | 2.105470895767212
6554516506 | 0.0067882537841796875
6481965044 | 7.719300031661987
6963257093 | 5.874481916427612
4285847863 | 3.7712628841400146
2021328682 | 5.8649208545684814
6017965720 | 2.300072193145752
3462296569 | 0.007249593734741211
2347435901 | 2.4878973960876465
3662096173 | 3.910125494003296
9332993530 | 6.7756431102752686
4612904917 | 2.5459156036376953
8633254952 | 3.206636667251587
7136338732 | 2.8082962036132812
9017342081 | 4.428852558135986
3863728808 | 3.22209095954895
9566974328 | 6.612926721572876
1968335402 | 1.327864646911621
8845434737 | 0.011598348617553711
1352187980 | 3.6495909690856934
6132274754 | 4.465407848358154
8836496681 | 4.12304425239563
8087194756 | 2.5796315670013428
9326265210 | 5.291126012802124
4415478038 | 0.007852554321289062
8184113635 | 1.2258644104003906
2557162103 | 2.3775503635406494
7297066940 | 7.261232614517212
9243764324 | 4.242661952972412
8691228975 | 8.993507623672485
7624243699 | 0.5416207313537598
9367191913 | 1.1686904430389404
8053296430 | 1.3894119262695312
8882039784 | 9.473694562911987
9559844734 | 1.3782117366790771
8820757099 | 3.81731915473938
1724655354 | 5.1770851612091064
3336246447 | 0.919503927230835
4624478750 | 0.008414983749389648
5642076324 | 3.204815626144409
7909003928 | 3.1955137252807617
5785147131 | 0.8234615325927734
9542422277 | 3.077979326248169
8559343068 | 1.716031551361084
6147688438 | 2.686760187149048
2189963517 | 4.349620580673218
2118535865 | 0.007726192474365234
6418225441 | 2.1148085594177246
6156346871 | 2.8293025493621826
1874197645 | 6.551214218139648
5529612288 | 14.128457069396973
1273347130 | 2.8203489780426025
1828227761 | 1.565925121307373
9744867812 | 5.326463460922241
7330888357 | 0.9227497577667236
5457953358 | 0.017475128173828125
2393104249 | 1.3250477313995361
1725720477 | 0.010154247283935547
1561222357 | 0.008429765701293945
5600837755 | 1.5282878875732422
4097628428 | 2.5277562141418457
9822496748 | 1.6654081344604492
6803350985 | 0.008348703384399414
7958622156 | 3.084831714630127
2769149535 | 1.7274737358093262
4296608015 | 1.8976025581359863
4075016751 | 3.8693435192108154
7346021320 | 0.009252071380615234
3141538107 | 3.5405428409576416
3756584131 | 3.642296552658081
3729264363 | 3.4890029430389404
5933180531 | 3.326413869857788
6256986070 | 0.007164955139160156
6033470888 | 1.8971457481384277
9444049822 | 0.010340690612792969
9251032492 | 1.5873866081237793
8004302104 | 2.4217240810394287
4128799568 | 1.198636770248413
8573115207 | 7.202636957168579
9433822743 | 2.1869544982910156
9172264296 | 3.675816774368286
2723964615 | 0.7888469696044922
7599586850 | 2.258491277694702
3076513117 | 4.966012954711914
1997517049 | 0.015645265579223633
2848746471 | 1.1564710140228271
6321877103 | 5.01375675201416
1573321526 | 4.449099063873291
7016943433 | 3.491255044937134
6392206551 | 1.771131992340088
7869920551 | 1.6499180793762207
1347290828 | 3.078538179397583
5587352909 | 1.7268719673156738
8695777307 | 1.1413214206695557
2395131089 | 3.0666720867156982
2517326763 | 2.4881863594055176
3508249853 | 2.244661569595337
3652291267 | 6.944798946380615
9444186518 | 2.082850456237793
6516996004 | 2.5828936100006104
4537676133 | 2.5416975021362305
9761932639 | 0.7262763977050781
9622862950 | 0.6585254669189453
9370372941 | 0.0070192813873291016
4702590726 | 6.070292234420776
8582807913 | 2.4621498584747314
1262021849 | 0.00809931755065918
1649375198 | 2.1634650230407715
4399970969 | 2.034712076187134
7781108101 | 6.72181510925293
9560085344 | 4.17857813835144
8453861066 | 4.492828845977783
8972566170 | 1.9069855213165283
4147848983 | 3.6444828510284424
6816977355 | 4.490977048873901
1623543121 | 7.937457084655762
5023524823 | 3.832925319671631
2992656906 | 1.1555814743041992
4311017926 | 0.005906820297241211
5331846373 | 8.47646164894104
4825481812 | 4.068726062774658
9749984970 | 2.1581852436065674
4289804999 | 1.606166124343872
3660789103 | 5.189283847808838
8898014584 | 14.435378313064575
5937099803 | 0.538236141204834
6866118806 | 1.4180591106414795
9610933583 | 0.006285429000854492
5692981930 | 18.59613871574402
8596717920 | 2.041534900665283
2387848912 | 7.447793245315552
4129031829 | 0.2750687599182129
9041104972 | 1.2466402053833008
6538703457 | 2.117814064025879
7194890241 | 3.720766305923462
4516548870 | 0.009045124053955078
3219304318 | 3.589392900466919
1025856365 | 1.7647578716278076
1430296988 | 4.636457204818726
1768853125 | 3.94941782951355
7142776375 | 1.9487555027008057
9091103035 | 5.7526326179504395
6361349087 | 0.0072498321533203125
3308170640 | 8.77099084854126
7910116898 | 3.6242079734802246
2396409412 | 2.641812324523926
2579749318 | 4.830748081207275
4156677911 | 4.088043451309204
1009040181 | 5.281845569610596
2397242968 | 3.2479207515716553
6779353758 | 0.00799870491027832
5935222286 | 0.00720667839050293
3141407025 | 0.007773876190185547
2047406597 | 2.5686089992523193
6969999482 | 4.754842519760132
6049159254 | 2.1189377307891846
3341968600 | 1.0159666538238525
4679107741 | 0.6736986637115479
8901900344 | 2.580890417098999
4429920227 | 4.267007827758789
3930821969 | 0.9397249221801758
9801206094 | 0.8654062747955322
3948690203 | 2.752270221710205
2766322217 | 5.625357389450073
1156469135 | 2.6186916828155518
4448242358 | 1.0448853969573975
2359661691 | 0.447643518447876
8126206440 | 0.008054733276367188
2597568891 | 0.9923651218414307
3935683361 | 2.593313694000244
7890948308 | 3.992401599884033
9334304556 | 2.098710536956787
2015665382 | 0.01651477813720703
8334998721 | 1.6434986591339111
3312833279 | 8.826018571853638
9089473774 | 0.5990109443664551
4413987100 | 2.218020439147949
4850171701 | 8.019743204116821
7430346693 | 1.6923608779907227
1060820568 | 1.482194185256958
6759974641 | 3.340566635131836
2151935690 | 3.6976654529571533
7651354431 | 5.172957181930542
5808312587 | 1.5752098560333252
1884322559 | 3.738090753555298
8836458983 | 2.2900943756103516
8970386289 | 0.007670402526855469
9718974185 | 3.2560625076293945
5810172085 | 0.785393476486206
7390683275 | 0.00889897346496582
4810921114 | 5.137369155883789
5248989475 | 2.588407278060913
8122419342 | 0.011455297470092773
5076539303 | 0.007565021514892578
3008979395 | 5.429541349411011
9937483214 | 0.0070149898529052734
8745337959 | 1.5203311443328857
8601589812 | 3.129507303237915
1325181042 | 3.7096409797668457
3920840076 | 3.1486573219299316
6369838499 | 3.2138590812683105
1666266785 | 0.008480548858642578
2635190754 | 1.8197669982910156
1749363425 | 0.007889032363891602
6471562658 | 4.932279586791992
7016522853 | 24.914161920547485
8630101503 | 1.357093095779419
6685894304 | 3.1870784759521484
5474539668 | 3.6781318187713623
3625029223 | 2.646315336227417
5214286671 | 13.445432186126709
4378179777 | 0.008028268814086914
9180583798 | 6.481503248214722
3589373007 | 1.6781299114227295
7722017264 | 1.3010520935058594
6369074517 | 6.986383438110352
3282499080 | 3.0212223529815674
2005366416 | 1.1008641719818115
6921134529 | 1.4204068183898926
4790528874 | 0.007822513580322266
5190971032 | 1.3217408657073975
5230756946 | 1.754293441772461
4050632806 | 2.908008098602295
4179696471 | 2.653362989425659
4863567721 | 0.719343900680542
2598035455 | 4.44952654838562
3397147774 | 3.3494393825531006
9932772848 | 1.681978464126587
6087521494 | 1.179689645767212
8872477446 | 2.941277503967285
5077552524 | 2.9640867710113525
4315130544 | 2.7350425720214844
9089655917 | 1.330770492553711
7921424489 | 5.734767913818359
5256219179 | 1.7307918071746826
3941808412 | 1.3893444538116455
5622471752 | 2.0203664302825928
1211541770 | 5.232674598693848
4605111032 | 1.701789140701294
2020690787 | 0.008300542831420898
6104395091 | 1.635185956954956
3060334215 | 2.5991573333740234
3904685599 | 1.8174073696136475
6939342112 | 7.8762078285217285
6304439709 | 4.35699987411499
5835867479 | 2.6289961338043213
6926424189 | 3.3888275623321533
7983355182 | 1.4799671173095703
5686262312 | 0.009253263473510742
5603639726 | 4.687269926071167
2034905626 | 7.582594633102417
1386635848 | 1.9258053302764893
4279348099 | 0.007620573043823242
3538781921 | 3.393587589263916
4328819456 | 0.01099395751953125
3082562414 | 2.6112570762634277
4427866419 | 1.4966325759887695
5213291694 | 5.887261390686035
5821775744 | 2.5862066745758057
1038723307 | 6.012621641159058
2435524887 | 4.164416790008545
4978865229 | 1.8800928592681885
4767550891 | 4.375870227813721
9833060300 | 0.006711721420288086
6054273703 | 1.6087346076965332
8873781071 | 4.391063451766968
7132761741 | 1.5141167640686035
1800134511 | 5.692143440246582
4449075170 | 7.4553382396698
3917151934 | 5.173799514770508
4395051936 | 2.4950764179229736
6615172076 | 0.01002955436706543
1731486297 | 2.8783140182495117
3443206380 | 3.497636556625366
1814051999 | 4.59127402305603
4752936296 | 2.5550527572631836
7658810690 | 3.1476263999938965
8885193263 | 0.7480158805847168
1884673149 | 0.006613492965698242
8262977594 | 0.006518125534057617
5955600166 | 2.282195806503296
3315681271 | 1.611318826675415
4135789833 | 4.034780263900757
4655715387 | 2.8005869388580322
4192231339 | 7.343412399291992
6211012134 | 2.877349376678467
6989850946 | 3.9671273231506348
2971690654 | 1.8250460624694824
2911850520 | 3.279095411300659
7835539310 | 2.664304733276367
8794795200 | 0.9086518287658691
4041847690 | 0.8444998264312744
6659700449 | 1.663299798965454
4002426187 | 2.668821334838867
8270278504 | 3.4581286907196045
6284243064 | 0.900418758392334
6578862907 | 0.4989917278289795
6313379167 | 1.462528944015503
8906364534 | 2.8922038078308105
7656859807 | 2.620149612426758
8987812828 | 1.178969144821167
8271670482 | 1.4166882038116455
4837790877 | 1.4391133785247803
2285395362 | 0.008901119232177734
9166993278 | 2.451528310775757
8569131364 | 0.00943303108215332
3046333517 | 4.8659844398498535
1395093660 | 6.656010150909424
5318088380 | 0.007578611373901367
4900092721 | 3.0405051708221436
4453270944 | 1.443162202835083
2022511784 | 1.7483117580413818
7330492409 | 1.8345947265625
5566763681 | 2.434901475906372
8880471556 | 0.007283210754394531
7857339904 | 1.255983591079712
3807569718 | 3.440919876098633
6909264753 | 2.30812931060791
1377782992 | 1.8784756660461426
5254494422 | 4.77965784072876
2946650569 | 4.057293891906738
1221881487 | 1.1109261512756348
7765509377 | 8.583598136901855
1896856156 | 3.726205825805664
6514163966 | 6.31330132484436
6991454406 | 1.0360510349273682
3084848002 | 4.0672290325164795
4607677262 | 2.8526716232299805
2618737548 | 2.0963754653930664
3049206861 | 0.008429527282714844
1442809131 | 0.5548977851867676
6126331467 | 0.8671305179595947
8878889505 | 5.078979015350342
9463774640 | 1.2686755657196045
5910216215 | 5.8279314041137695
6562004579 | 0.01074981689453125
2936112909 | 1.790543556213379
5301932725 | 0.006556987762451172
8360189501 | 0.005860567092895508
5322517342 | 3.320842742919922
5969861740 | 0.6510534286499023
6559430911 | 1.9707143306732178
5802638873 | 15.937026262283325
4876065205 | 4.316548109054565
4294755544 | 8.422194242477417
3097214036 | 5.341805696487427
1853842492 | 1.0964787006378174
5467477317 | 11.046973943710327
1467555609 | 3.9703476428985596
8539716559 | 1.2851483821868896
3253474467 | 3.972158432006836
2468871045 | 4.030223608016968
6397130078 | 0.9088354110717773
5152274217 | 0.008499860763549805
4867207747 | 7.573568344116211
4858734961 | 4.2270379066467285
1578574044 | 0.007040262222290039
6712288710 | 0.33092284202575684
1925310989 | 3.2500014305114746
3590472478 | 8.989001989364624
7385636461 | 0.8157906532287598
9307051722 | 1.0837805271148682
7680812753 | 5.111013650894165
9891135062 | 1.8104681968688965
5080292837 | 1.4593794345855713
9382973465 | 1.380854845046997
5728336581 | 15.226486682891846
5265832908 | 1.3763401508331299
2471183506 | 1.6731266975402832
8134890955 | 2.4994797706604004
1404301596 | 3.2608509063720703
9439473018 | 2.465895175933838
6269879159 | 3.5611557960510254
8521862451 | 13.681890487670898
8652255910 | 8.133931398391724
5272571235 | 2.190408706665039
1161483270 | 0.8801093101501465
7137578372 | 2.789924383163452
2384509239 | 2.786705732345581
1291400348 | 1.1082186698913574
5340115549 | 0.00868988037109375
2637109530 | 2.3151023387908936
7549110148 | 5.167296409606934
1126859164 | 1.299145221710205
4859710443 | 2.312248706817627
3949755234 | 2.2747600078582764
7968091586 | 1.7326366901397705
3304877116 | 1.0111103057861328
6377121557 | 2.103579044342041
5766797545 | 2.1955032348632812
5566979934 | 0.008571147918701172
5965982517 | 2.4991815090179443
9692613014 | 2.5295326709747314
4191407595 | 1.6196682453155518
1591676744 | 2.7845592498779297
6159409031 | 2.904977798461914
9342491881 | 0.010849952697753906
3464005711 | 6.425678968429565
9843379309 | 4.646266460418701
7379912823 | 1.3267736434936523
8362589325 | 2.2853052616119385
9443553913 | 0.00762939453125
5330263334 | 0.6366209983825684
7658878616 | 7.116117000579834
7062886895 | 3.422069549560547
2150995852 | 0.00830841064453125
9410530240 | 2.428856372833252
7393327641 | 2.837139844894409
8239833419 | 0.7577064037322998
8067576839 | 2.282230854034424
9955158309 | 2.947805404663086
7400864798 | 3.540278434753418
8092602316 | 5.5903143882751465
6085171697 | 1.4987642765045166
7079467992 | 1.1365752220153809
3864655006 | 2.3090224266052246
1393709664 | 1.9707403182983398
3487697251 | 2.299198627471924
4707635285 | 13.212642669677734
8986814592 | 2.238443613052368
5785437218 | 0.47209811210632324
8638836250 | 9.607778787612915
1767309055 | 3.5089781284332275
3281621734 | 2.3943214416503906
9415520890 | 2.1363213062286377
1422068501 | 1.7091314792633057
1113983791 | 6.8420000076293945
5857773750 | 2.26481032371521
6725084743 | 5.707169532775879
1041688852 | 0.8894636631011963
6525977580 | 1.1942658424377441
6477201544 | 1.734145164489746
3840024344 | 2.181548595428467
1604074451 | 1.2064743041992188
3967889076 | 0.011181354522705078
9252980250 | 0.012941360473632812
5646992998 | 2.4859976768493652
3831532070 | 3.15897274017334
9168767453 | 2.3197548389434814
8978668956 | 3.821964979171753
3218023398 | 5.059575796127319
7150407329 | 2.0672101974487305
4101658633 | 0.008195161819458008
1022720345 | 14.696766376495361
4823258936 | 1.7294321060180664
3377357321 | 1.6921300888061523
7349172329 | 0.006481647491455078
9273971166 | 0.868720531463623
6313848277 | 6.946099042892456
9428862206 | 4.22078800201416
5391741697 | 6.2279953956604
5092142923 | 2.038224697113037
2594622985 | 1.6499574184417725
7444375526 | 0.009196043014526367
5330754965 | 0.007069587707519531
9574590592 | 4.25717306137085
6560783349 | 1.6701610088348389
4966957516 | 0.0063664913177490234
2761747473 | 4.3586320877075195
6642893401 | 4.557001113891602
3625793555 | 1.0455524921417236
8647090861 | 0.7756936550140381
4983562550 | 0.008315563201904297
3386946506 | 11.369360208511353
8111474286 | 3.957240104675293
9954324397 | 4.167704343795776
3080400522 | 6.7241761684417725
7404283511 | 0.9751846790313721
2937983496 | 11.357293367385864
8128616805 | 0.8179712295532227
2735032227 | 1.872941255569458
4105587344 | 10.869981288909912
9138419170 | 1.9260835647583008
4971946373 | 2.980539321899414
2875536660 | 3.2022035121917725
7741165083 | 4.604438304901123
8288068081 | 0.008004426956176758
6922562198 | 2.150988817214966
1057972241 | 9.364185810089111
6510241397 | 0.007837533950805664
2294589287 | 2.21565842628479
1552042264 | 0.007214069366455078
3396891316 | 6.469648838043213
3341354096 | 4.00726318359375
8358727173 | 1.8153154850006104
6055439288 | 1.4573960304260254
5544478428 | 0.008393049240112305
7098588404 | 1.543421983718872
6812803382 | 0.00877070426940918
2148097078 | 3.781931161880493
3343801673 | 3.5370876789093018
4772445702 | 2.9066216945648193
2630840365 | 2.72908353805542
3342307724 | 1.600982666015625
5718787929 | 6.965976238250732
5799520468 | 5.991183519363403
1545878710 | 4.4102559089660645
3393812165 | 0.008728981018066406
5114810774 | 0.008718729019165039
1238184098 | 1.344853401184082
8491809632 | 3.6211366653442383
2670246123 | 1.9169819355010986
6377045415 | 0.008579015731811523
8394613433 | 11.635679960250854
4917021408 | 0.00797414779663086
1683435797 | 2.7412643432617188
6084099681 | 0.0075566768646240234
1607913014 | 3.7888755798339844
8102785034 | 4.294203758239746
6780421090 | 4.809558868408203
8040320497 | 0.008501052856445312
5253133322 | 15.948426008224487
5831484864 | 1.6978533267974854
4505697517 | 1.9268107414245605
9215279721 | 2.6728081703186035
9935480937 | 3.22761607170105
9844883820 | 3.2615067958831787
1386192013 | 3.181795835494995
6303225573 | 0.8141086101531982
8079161216 | 3.249401092529297
5205610316 | 3.496835470199585
7724961120 | 2.96172833442688
5979995452 | 2.7293992042541504
7824161571 | 2.2649972438812256
6557419794 | 3.471078634262085
4771965884 | 0.007080554962158203
4774337340 | 1.1541290283203125
9250150430 | 0.867628812789917
8161576859 | 0.010921955108642578
9265363387 | 5.1396260261535645
8439345456 | 2.2583487033843994
2537322121 | 1.9546725749969482
8726901441 | 5.939786195755005
4083494982 | 1.9141759872436523
5785473695 | 0.008702516555786133
8605646769 | 0.8683388233184814
5320456163 | 5.1797707080841064
2130720246 | 10.695058584213257
9906938647 | 4.285459995269775
3881865238 | 3.9957168102264404
3961828202 | 1.3362245559692383
4328393669 | 1.9384121894836426
6809933974 | 0.006308555603027344
7409142457 | 1.5227179527282715
1071568490 | 11.912657499313354
1788695033 | 2.0725412368774414
9507785586 | 2.7295846939086914
4794006301 | 0.9270858764648438
8020861385 | 5.007723331451416
9769754670 | 2.1144587993621826
6156234830 | 1.343825340270996
7117821110 | 2.4535298347473145
2370100879 | 0.012992382049560547
5718802025 | 6.3927161693573
8942209083 | 1.710942268371582
5546127186 | 0.0072705745697021484
1022634476 | 0.4905662536621094
7608644649 | 0.007040262222290039
4482828212 | 2.6205081939697266
4005899095 | 2.763277053833008
1077447253 | 2.194974899291992
9959789009 | 8.318831205368042
8695335204 | 3.6837306022644043
3334457512 | 1.6304664611816406
4364428476 | 1.50469970703125
1812017918 | 0.007109165191650391
4213152676 | 0.010670900344848633
8512989802 | 6.064540863037109
6788353317 | 5.075047254562378
7518767349 | 5.318904399871826
2190070468 | 3.627638339996338
4160710051 | 3.809065580368042
1150622145 | 1.7779154777526855
2014767187 | 3.238337755203247
6268226270 | 5.723933696746826
2669642417 | 0.6551392078399658
3907102088 | 1.0766887664794922
3095617106 | 6.525265693664551
1639221071 | 9.236295223236084
4720179773 | 1.1790885925292969
8756147363 | 5.489206075668335
4312030537 | 0.5687873363494873
3067451965 | 4.188059091567993
4380062041 | 3.7415459156036377
1828610747 | 0.73726487159729
9016101695 | 3.383537530899048
5107252196 | 2.2555124759674072
6309675703 | 2.8587968349456787
5665077536 | 2.3594677448272705
5332901066 | 0.008941650390625
7420435466 | 0.009572744369506836
2034588997 | 4.556246042251587
1155570610 | 1.2587521076202393
9902486229 | 3.6610283851623535
2427149682 | 6.001928329467773
9817684038 | 1.4147260189056396
6533027417 | 0.9812331199645996
7015440995 | 17.297241926193237
1350655522 | 0.3528578281402588
3625943100 | 17.14173197746277
8332149256 | 1.5714504718780518
3129035335 | 0.006852149963378906
6901981960 | 3.229918956756592
7824294390 | 0.8062963485717773
1596990870 | 1.3893544673919678
5524964941 | 3.9338815212249756
2795338938 | 4.5018980503082275
1727727783 | 2.9087588787078857
4091289861 | 2.077803611755371
8682993898 | 3.0480940341949463
4131550621 | 3.582695484161377
4022737545 | 5.139147520065308
8665557476 | 3.486701250076294
2459950404 | 5.850367784500122
6234874189 | 0.007715463638305664
6839762390 | 2.5106589794158936
3721792316 | 3.4237513542175293
6072871150 | 1.129195213317871
8706612973 | 3.410062313079834
7509987870 | 3.017000436782837
7961040619 | 1.4716670513153076
2448885726 | 0.00867152214050293
4363991400 | 5.339221477508545
7639022288 | 1.0742123126983643
2397124582 | 11.128531694412231
6711388461 | 2.1429429054260254
4869344666 | 1.108893871307373
1624322603 | 14.15791940689087
8400616696 | 4.3686089515686035
4366689140 | 2.462026357650757
9573597125 | 0.18349266052246094
6630098939 | 5.506388187408447
4941382858 | 1.6262283325195312
2581592826 | 13.411436796188354
3700761957 | 3.1606404781341553
3752994527 | 1.555579662322998
2339682031 | 6.961076974868774
1309962398 | 13.751536130905151
4632815609 | 0.012347936630249023
1227992176 | 4.059712648391724
2613136741 | 1.9969861507415771
4986427332 | 0.007936954498291016
6609160764 | 7.43453049659729
6567055299 | 3.122253656387329
7437031528 | 4.587317705154419
6798446987 | 6.915974140167236
1191548865 | 3.35257887840271
8728025886 | 0.008190393447875977
8919772410 | 0.009876489639282227
3808389533 | 1.7556867599487305
9017283723 | 0.007965803146362305
1306964718 | 0.007414817810058594
9200972337 | 2.422741651535034
5943451837 | 10.35938811302185
8149125292 | 2.2616143226623535
2055033359 | 2.1553165912628174
4955791965 | 2.1575164794921875
1730722633 | 1.1341626644134521
5145959839 | 4.432366609573364
5384129275 | 2.7278835773468018
8258319725 | 3.0185506343841553
3086598896 | 3.464369058609009
6153707672 | 0.9034585952758789
7626139993 | 0.7014155387878418
2478571676 | 0.009578466415405273
3447759479 | 0.008914947509765625
1706851755 | 0.9516794681549072
2929881525 | 1.6935341358184814
9038594793 | 4.949788808822632
6133848830 | 3.0947999954223633
8646520789 | 1.0448732376098633
7544879814 | 1.6102631092071533
6698184782 | 0.007848739624023438
6511717628 | 1.8963875770568848
6193288465 | 2.042644739151001
6371855381 | 5.253554105758667
5788496381 | 4.418705701828003
9808513770 | 5.226091146469116
6048541286 | 5.7986297607421875
3678942410 | 3.332254648208618
7120326865 | 1.845465898513794
2366359359 | 2.32332444190979
5605847965 | 1.5354890823364258
9749370506 | 5.935390949249268
2366613224 | 2.044907569885254
2335267353 | 2.224240779876709
4393461268 | 1.4612412452697754
4007015562 | 0.013210773468017578
7339463015 | 2.0108680725097656
1780863617 | 1.1694457530975342
8726011708 | 0.008671283721923828
9311543384 | 1.224708080291748
6509540105 | 2.391770601272583
2403560256 | 1.8917789459228516
4124660403 | 1.8665239810943604
7121701730 | 0.7662160396575928
4566204317 | 3.0403385162353516
1511598885 | 2.3950157165527344
2817633320 | 2.927203893661499
9245775351 | 2.7023704051971436
2415119885 | 1.5643577575683594
1952346024 | 0.9559435844421387
5976427068 | 2.9528331756591797
3132042594 | 2.6662094593048096
1348319003 | 1.4187400341033936
7565929351 | 4.682995319366455
7766414552 | 3.0162596702575684
7174205723 | 2.6897029876708984
3699362043 | 0.006781339645385742
7384554931 | 2.180428981781006
1846325009 | 3.4860665798187256
9850027791 | 1.8882877826690674
6251203761 | 2.7079832553863525
1817443240 | 6.91213846206665
8502477675 | 0.006988048553466797
8298548993 | 8.492759466171265
1107598304 | 5.98966908454895
2336541518 | 4.857085227966309
8553316963 | 4.6727378368377686
1220181545 | 0.011379241943359375
2871702883 | 0.007520914077758789
5064387273 | 0.006046295166015625
3373800800 | 0.0069921016693115234
9192975393 | 1.6622354984283447
9478003487 | 0.9734108448028564
2485118330 | 5.876697778701782
7363129564 | 5.587850093841553
7362673331 | 4.912102222442627
8501976414 | 17.470155715942383
2700981656 | 2.786311388015747
5169518262 | 2.305589199066162
9855665714 | 1.4112701416015625
9065076577 | 3.54476261138916
1292162061 | 6.739077091217041
5412133514 | 0.006505012512207031
8672600885 | 11.482004404067993
2814994744 | 0.007637739181518555
8145221248 | 0.766803503036499
8810693723 | 0.6965353488922119
7873811374 | 0.47527313232421875
7138236081 | 2.281357765197754
4215024035 | 0.008667469024658203
5660755540 | 4.942708969116211
2248280857 | 2.5502383708953857
9320392475 | 2.7398123741149902
1981319163 | 0.0076143741607666016
1117027511 | 2.179408073425293
1293944873 | 3.348994731903076
3978823733 | 2.2887582778930664
9655636646 | 6.106544256210327
6335284614 | 2.5785160064697266
1890935452 | 0.00574040412902832
1705228863 | 3.2881314754486084
5159726461 | 7.029170513153076
1969022084 | 0.008298873901367188
7474081094 | 8.763533592224121
4428218477 | 5.562558174133301
6216997376 | 3.2941713333129883
5292084830 | 4.440290451049805
2994003619 | 4.565712213516235
4138623129 | 9.819965600967407
5636147600 | 1.6725947856903076
9719203451 | 3.7500932216644287
1576284384 | 1.0958878993988037
5326412822 | 0.006826162338256836
7178409873 | 5.447782278060913
5466283966 | 1.931276559829712
1684060823 | 1.2936761379241943
3207753789 | 0.6963138580322266
3965453131 | 2.7524170875549316
1019292195 | 8.242222785949707
6895706276 | 1.6002042293548584
5718009236 | 2.1874704360961914
5443480458 | 11.241905927658081
2420038853 | 0.008836984634399414
5254783187 | 2.4141311645507812
9917390092 | 1.8375587463378906
9923716222 | 0.009831428527832031
1684993592 | 6.306591749191284
4751258569 | 0.8396823406219482
8809794564 | 5.224722146987915
7723286346 | 0.2592804431915283
4111264735 | 0.008352994918823242
4476370739 | 6.654800176620483
5747932525 | 2.5717246532440186
9769020729 | 0.012834787368774414
7812886125 | 1.5103659629821777
3837473886 | 0.9996695518493652
7625651984 | 0.007878541946411133
9558236074 | 3.6344082355499268
5368919566 | 2.1227307319641113
8425548004 | 3.30965518951416
2578061684 | 5.947572469711304
2739428391 | 2.2336814403533936
1783593531 | 1.0381767749786377
2644564316 | 1.6307885646820068
9452896165 | 3.279749870300293
6488172842 | 2.9402661323547363
7648657944 | 8.234397888183594
2105366574 | 5.053725242614746
1615485570 | 2.887216329574585
7986987187 | 0.007666826248168945
8901864083 | 0.006834506988525391
9382157778 | 1.5663871765136719
9130031690 | 0.007616758346557617
3296789853 | 3.091663360595703
8201727239 | 3.986246347427368
9866591427 | 1.3306477069854736
4042315825 | 1.7749147415161133
2567712392 | 0.5891668796539307
3355778066 | 6.747164249420166
3255730885 | 0.00877690315246582
3623968000 | 17.33648419380188
1400668817 | 0.9676265716552734
5370110933 | 7.143537282943726
5252625904 | 0.8333251476287842
9278369010 | 3.675560235977173
9004509136 | 0.007758617401123047
8139464768 | 2.739816904067993
4012792989 | 3.2891414165496826
8748420034 | 0.8214752674102783
3594532697 | 16.125016450881958
6396523177 | 2.8899707794189453
8264118441 | 9.862847328186035
2060131526 | 5.083269119262695
7858658002 | 3.9991455078125
3257087639 | 1.937143087387085
4992983158 | 0.008415460586547852
3004057820 | 1.383552074432373
3972197186 | 7.156468152999878
3478942783 | 0.007628440856933594
7989518939 | 4.267549991607666
8759463788 | 3.955857992172241
7568233006 | 3.555204391479492
5717437328 | 5.299585342407227
7849833321 | 3.592205047607422
3797898631 | 0.007725238800048828
2027487511 | 2.3167471885681152
3829603410 | 2.535207748413086
1688461735 | 2.989466667175293
2922573277 | 15.477755546569824
6399494942 | 7.34119987487793
3121974437 | 4.411610126495361
7601531144 | 0.007360696792602539
1051504958 | 0.0071523189544677734
2441104580 | 0.9380085468292236
3654790551 | 0.007701396942138672
8703059732 | 6.256310224533081
3034950486 | 0.009271860122680664
3986326389 | 4.394735813140869
2840919636 | 1.5009877681732178
2602763983 | 2.3528382778167725
7507501761 | 1.838914155960083
9678993581 | 2.3267080783843994
1658493154 | 0.007890462875366211
3347236076 | 3.0638935565948486
3884653451 | 3.6856672763824463
9417324238 | 2.122389554977417
9770896943 | 0.4119117259979248
4466588487 | 4.632551908493042
4180926186 | 1.0678460597991943
4072484754 | 11.344588994979858
5633083098 | 3.3775599002838135
3690884900 | 2.3009634017944336
3302810131 | 2.3196139335632324
9071358810 | 6.959386348724365
7546620358 | 1.8851842880249023
6507729264 | 4.68538761138916
1151602272 | 6.421343564987183
9399317642 | 0.006907224655151367
1669824516 | 8.226346731185913
6396625793 | 0.008806467056274414
8058338373 | 0.008229494094848633
5092444188 | 1.9035847187042236
3943574235 | 1.3475966453552246
8181346641 | 9.457102298736572
1418035464 | 4.76846170425415
8998353184 | 4.420215129852295
9161016406 | 0.00780940055847168
7121961777 | 0.8685903549194336
4790437863 | 2.310994863510132
9032629705 | 2.3559679985046387
1308415882 | 0.007546186447143555
9577101970 | 0.555729866027832
2103640986 | 1.263047456741333
1898351631 | 1.3220562934875488
3366169117 | 2.446528434753418
5490457448 | 4.834134817123413
2889131178 | 0.0076160430908203125
1737869979 | 2.0260069370269775
5786560454 | 4.351386070251465
6223764681 | 2.1347076892852783
8036731377 | 0.00719904899597168
1601721674 | 8.0736825466156
5217277994 | 2.2682197093963623
4951364400 | 0.9211337566375732
6316674625 | 1.99588942527771
6055641306 | 0.7034633159637451
6851276318 | 2.087571859359741
1856496153 | 3.1184048652648926
2359478759 | 5.356852293014526
7219561630 | 4.470179319381714
5677038416 | 0.797168493270874
4058906183 | 1.7770130634307861
3393411198 | 1.4226267337799072
9152067583 | 2.2026844024658203
4267143654 | 3.1572341918945312
5057464595 | 0.18480753898620605
1583454438 | 3.2013192176818848
2709712306 | 0.011385440826416016
5414496974 | 0.00742650032043457
4858425069 | 3.4067060947418213
5088587008 | 1.039579153060913
8220237952 | 1.434216022491455
3624416278 | 3.3645339012145996
7943586505 | 42.26766228675842
7848774323 | 0.006332874298095703
6450517559 | 0.007387399673461914
4189028407 | 3.0372719764709473
8400204100 | 0.008518457412719727
8069433222 | 3.8553848266601562
4273294649 | 2.266869068145752
1011801631 | 7.329426527023315
6038777013 | 0.007281303405761719
4186583130 | 1.3826463222503662
4458867135 | 6.805798530578613
8426994826 | 0.008257865905761719
1480418501 | 1.6734421253204346
6605324904 | 2.447551727294922
7062055724 | 0.006400108337402344
2848524416 | 5.689767122268677
9904348311 | 1.4143180847167969
8613872516 | 3.459028959274292
6844015591 | 0.008018732070922852
7255340758 | 4.911036491394043
6488157967 | 3.2192137241363525
2085343857 | 3.3372035026550293
2094227116 | 0.14464402198791504
7489395050 | 2.503594160079956
1071572027 | 14.031566381454468
8013716120 | 8.187208414077759
8142360996 | 0.7778549194335938
6790249946 | 1.7970538139343262
1736595819 | 1.5789000988006592
3339313896 | 5.988629102706909
8721709804 | 0.0069844722747802734
9081352446 | 3.1024482250213623
4771199405 | 1.6395940780639648
2494219771 | 0.008246421813964844
2042426881 | 4.074633598327637
1138528287 | 3.229188919067383
8685651403 | 3.2217392921447754
4197674308 | 2.6734280586242676
3781474985 | 3.166968584060669
1937399815 | 0.007399559020996094
6021097031 | 4.096743822097778
7886092057 | 1.8637123107910156
1598298377 | 2.3753039836883545
2304186675 | 1.3419263362884521
3972187552 | 10.494958639144897
6459415411 | 3.0425450801849365
8506186853 | 4.340216398239136
4157364253 | 0.007985591888427734
2263055064 | 0.0072784423828125
2992175402 | 3.665193796157837
4220328030 | 1.9598963260650635
4985674336 | 3.8643529415130615
5903508391 | 1.417484998703003
8983451482 | 2.13627552986145
8324042652 | 0.007518768310546875
4099909525 | 3.5656373500823975
4804379831 | 3.3240959644317627
9917753009 | 0.0074100494384765625
9473099624 | 2.48949933052063
3176557985 | 4.84257698059082
2308253161 | 2.2093451023101807
1908847319 | 4.372952222824097
1125941872 | 3.032790422439575
3482374018 | 1.3838059902191162
8603306424 | 5.283167839050293
7267791360 | 12.25815200805664
9550336141 | 3.6130430698394775
8182540516 | 2.4393105506896973
5972787797 | 1.059448480606079
5231246226 | 6.663668870925903
9459483970 | 3.213031768798828
4080704009 | 2.72025465965271
8152522383 | 1.0973105430603027
8183342181 | 3.5404510498046875
5486364261 | 2.8328797817230225
7730545610 | 0.00811314582824707
9883395900 | 6.259801149368286
9400418728 | 0.3865194320678711
8467217983 | 3.3593947887420654
6230608581 | 0.01079702377319336
9512532833 | 1.4002435207366943
6263328662 | 0.011851072311401367
3322918834 | 6.749222755432129
4804015438 | 1.9472355842590332
9017319164 | 6.090590238571167
8735045492 | 1.2534384727478027
6447710735 | 1.8856282234191895
8126614219 | 2.023231029510498
7235108640 | 5.960227012634277
8685364044 | 2.1199331283569336
9217004827 | 8.49218487739563
3122334422 | 0.005679607391357422
5188318545 | 1.5848736763000488
3292936437 | 15.26719856262207
2382769034 | 4.875352382659912
3417260375 | 4.057510614395142
8477797459 | 0.007394313812255859
3980018079 | 1.3628120422363281
3521841563 | 0.007467985153198242
5193770444 | 6.0950446128845215
2663836786 | 1.7888374328613281
9855037731 | 1.067284107208252
9449614342 | 4.2924721240997314
3719456663 | 3.318324327468872
6980993918 | 2.3466508388519287
7575711480 | 2.2496562004089355
9290115797 | 4.615752220153809
2323945229 | 0.008348464965820312
8407314778 | 3.5261406898498535
1377654757 | 1.648042917251587
4524999478 | 4.817174196243286
8399041306 | 2.3916923999786377
8553283791 | 1.8540070056915283
7499773063 | 1.855487585067749
4670036132 | 0.44085097312927246
2499405899 | 1.5293998718261719
7108288622 | 10.723023176193237
9011222396 | 0.9751038551330566
6205326950 | 2.0255215167999268
3834240108 | 4.281166315078735
3651198244 | 0.007605552673339844
7728988274 | 0.006746053695678711
4100569802 | 3.8615076541900635
4021916378 | 1.1551852226257324
4202873160 | 0.012310504913330078
9632506815 | 23.310786247253418
3811679925 | 2.4809985160827637
9766384952 | 2.4621286392211914
1077172986 | 5.469048261642456
1555193289 | 0.007454633712768555
1575518023 | 5.985735893249512
3249933266 | 3.127049684524536
7270037622 | 4.4544126987457275
8842534959 | 2.3925979137420654
5408297481 | 3.0340240001678467
2816885258 | 1.0663516521453857
2332764583 | 3.5231564044952393
7559348637 | 1.8349170684814453
8847220882 | 3.840418815612793
8755124162 | 15.824626922607422
1202696506 | 2.3071584701538086
3858243598 | 0.007271289825439453
5005945440 | 1.2480998039245605
3352666976 | 0.7548823356628418
5000598540 | 6.723559617996216
6597181325 | 0.0064351558685302734
8806034305 | 4.161470890045166
7445665163 | 6.638370990753174
8629059574 | 0.007884979248046875
1410884414 | 2.2748897075653076
6068896355 | 0.00628209114074707
1573273108 | 3.73813796043396
1728361729 | 6.481767892837524
6313719702 | 3.2904911041259766
5506944426 | 0.0061414241790771484
2959275506 | 3.626774311065674
8685259795 | 3.883366107940674
9057397018 | 3.4502575397491455
6508609198 | 0.007922172546386719
6909570423 | 2.8304171562194824
2909925591 | 0.011702775955200195
4195794085 | 1.8977699279785156
5662293745 | 5.314356327056885
7335380055 | 2.0581209659576416
3938218927 | 0.6298866271972656
7202770699 | 2.6704249382019043
4021864593 | 5.746742486953735
1453401216 | 2.0470242500305176
2871265548 | 4.185088396072388
5139572209 | 2.3572802543640137
3617829944 | 1.5481112003326416
8273736710 | 6.9470884799957275
8051178624 | 4.593154430389404
8945216641 | 4.534198760986328
2865000487 | 3.1655356884002686
6280785680 | 4.268687009811401
6271032409 | 2.6372578144073486
1035054153 | 2.810833692550659
8802990069 | 2.3765947818756104
2498880583 | 2.2875428199768066
2750146336 | 2.7789924144744873
3457092294 | 1.9431507587432861
7260389809 | 0.9561820030212402
3426718613 | 0.00793600082397461
6615175558 | 0.979445219039917
6369325170 | 2.2588613033294678
5374540208 | 1.2118172645568848
9039005375 | 5.040639162063599
6105768452 | 0.012288093566894531
7172201745 | 8.560402631759644
1885825380 | 3.3729236125946045
7768737579 | 3.0891611576080322
2607851218 | 0.00727081298828125
6123561476 | 1.6513068675994873
1916366376 | 1.2555465698242188
9560938490 | 1.5000426769256592
2930214360 | 1.7387721538543701
1376751091 | 2.739496946334839
2843470227 | 2.271304130554199
2331716506 | 0.927471399307251
7951479807 | 0.009047985076904297
9512442070 | 0.6784079074859619
3215410532 | 1.3437187671661377
1795112777 | 2.3592700958251953
1000039149 | 10.420211791992188
5516851414 | 3.526416778564453
6386852058 | 4.260258436203003
7985239023 | 7.281662225723267
1235283201 | 34.62656593322754
2091303993 | 3.233241081237793
5666822559 | 0.007986783981323242
8292981630 | 6.924354076385498
8172269632 | 3.6683459281921387
1861800313 | 3.6862611770629883
4473864393 | 0.01021265983581543
9175743944 | 2.894545555114746
3844499983 | 1.6671464443206787
3414432646 | 3.1391608715057373
8148139079 | 5.836358070373535
6608719159 | 6.354574680328369
8008521811 | 1.917123794555664
8006401210 | 1.6564526557922363
2750318288 | 2.5572588443756104
5023620119 | 2.8013603687286377
3016726695 | 2.358084201812744
4233554567 | 3.061568260192871
4971740846 | 0.006939888000488281
1038577404 | 3.015796422958374
1651401088 | 2.25893235206604
3504722448 | 1.798776388168335
4854211820 | 3.6845455169677734
5214690960 | 1.1622962951660156
2727441023 | 1.5969398021697998
7959987722 | 2.9853971004486084
6499247200 | 5.590602397918701
7351845631 | 2.806544065475464
2114784449 | 0.7536530494689941
2418059976 | 1.386587381362915
3220880722 | 4.934293270111084
2810579166 | 8.42018747329712
3292151179 | 4.407350540161133
7783444440 | 4.050893783569336
3001192472 | 2.4703781604766846
7990503193 | 0.007373809814453125
3138900048 | 4.642716646194458
1671497385 | 3.739603042602539
2808143650 | 0.011460304260253906
2232006718 | 1.410531759262085
9370021931 | 1.8530316352844238
6851855291 | 0.50288987159729
3687010968 | 2.238368511199951
1772039598 | 1.9931511878967285
2677299901 | 0.006651163101196289
3921499730 | 2.1506295204162598
7717062627 | 1.3326337337493896
9775226092 | 0.7216181755065918
5650697521 | 2.061845064163208
6370018245 | 1.8515305519104004
5336264683 | 4.05173397064209
9522565848 | 3.0781235694885254
4873387839 | 10.303612232208252
2740330613 | 0.4363594055175781
8387324852 | 0.00858926773071289
3518956261 | 5.049860715866089
1242506257 | 2.1007027626037598
7415661607 | 3.453444004058838
6298354057 | 3.7809481620788574
6782385873 | 6.231853723526001
8815442229 | 4.508392095565796
8344942023 | 12.92869782447815
1459229114 | 0.011290550231933594
5689166090 | 1.5950663089752197
5916833472 | 2.3740615844726562
3568522065 | 1.6529908180236816
6952288749 | 1.587651252746582
8132493631 | 0.009142398834228516
8988067122 | 0.00996088981628418
1882847437 | 5.905386447906494
3758680115 | 9.103745937347412
3877218932 | 9.787699460983276
1751743568 | 2.332029104232788
3873740935 | 0.01002955436706543
2505056168 | 2.6538748741149902
9474277269 | 0.011904478073120117
1861123244 | 2.831299304962158
3829943707 | 0.008374214172363281
7366707301 | 0.41777992248535156
9747032487 | 1.8232231140136719
5685317245 | 2.1427054405212402
4593070884 | 0.009182929992675781
2664463302 | 5.2884509563446045
4274275019 | 8.644020557403564
1323384233 | 2.4156808853149414
4653592937 | 0.007279157638549805
6082899182 | 2.131943464279175
1205724791 | 0.008620500564575195
7657508113 | 1.0241079330444336
8767490351 | 1.4885532855987549
4655566451 | 0.006268978118896484
2307636564 | 0.005547046661376953
9883372272 | 13.70715856552124
2626192345 | 0.008453130722045898
3083309632 | 0.015913724899291992
9712042147 | 2.3233091831207275
2661501293 | 2.8365633487701416
3914985921 | 1.3040850162506104
4586642043 | 6.265613555908203
3047914384 | 1.7816410064697266
4236731604 | 2.440154790878296
4129271905 | 2.718086004257202
2570924139 | 6.257641553878784
4225813780 | 0.007330656051635742
5304669918 | 0.861520528793335
1461409602 | 2.9099764823913574
7601325858 | 2.4916903972625732
2551103537 | 3.7139194011688232
8041393304 | 0.008900642395019531
6434491046 | 1.1124670505523682
9764879744 | 1.4699604511260986
1424552540 | 0.00830221176147461
6409381392 | 1.5560383796691895
3759899627 | 2.5318968296051025
1881913964 | 1.5990550518035889
9587426711 | 4.887615919113159
4023890342 | 0.009569644927978516
2687212575 | 0.0093231201171875
6354690831 | 4.01329231262207
3735551605 | 2.727839231491089
8526373258 | 3.160343885421753
1374874823 | 0.008519887924194336
3431722794 | 9.110313653945923
1294930495 | 3.795088291168213
5391204863 | 10.027101039886475
5141996482 | 1.7772431373596191
4772958755 | 2.2438266277313232
8159375809 | 2.9790985584259033
5222709666 | 1.1683549880981445
3678646561 | 1.2372612953186035
5674660362 | 2.7092196941375732
7068570452 | 3.8680427074432373
1193674640 | 7.803822994232178
3308700290 | 1.0566840171813965
1832518798 | 4.009237289428711
7923073079 | 1.6633877754211426
6774150940 | 1.7078571319580078
6808026800 | 3.048077344894409
9744707159 | 18.344626903533936
4727592027 | 3.170757532119751
5385205316 | 0.601421594619751
6304305136 | 0.00810551643371582
9698349278 | 3.6971981525421143
1998769331 | 3.136932373046875
4266504710 | 0.008244037628173828
3054543840 | 7.036558389663696
5077224935 | 11.018841981887817
6011400656 | 6.272887468338013
8465184592 | 5.021966457366943
5085190459 | 4.315552473068237
3416214381 | 4.678487777709961
7554339163 | 1.0038385391235352
6924767169 | 0.9696714878082275
9923525707 | 0.9852862358093262
7305689544 | 1.2475502490997314
4216099286 | 5.674188852310181
1475126608 | 6.223801374435425
3828441572 | 3.7242276668548584
7831065723 | 1.723487138748169
3848846209 | 3.690640449523926
6226558270 | 3.3165156841278076
5310642288 | 15.081007480621338
9079656025 | 6.5069403648376465
9835558840 | 17.232712507247925
1454769522 | 1.0892436504364014
6002340339 | 5.506071329116821
1408273188 | 0.013478994369506836
4220835553 | 10.09333872795105
5378751192 | 0.012378931045532227
7149878697 | 3.3996777534484863
7813117602 | 0.007662773132324219
4076292356 | 3.807223081588745
6771187443 | 0.008851289749145508
3191059575 | 1.662095308303833
9609540172 | 3.812835693359375
9664466640 | 0.9659900665283203
8590435716 | 0.7429559230804443
3133018584 | 2.6404967308044434
1227166283 | 5.1291375160217285
8168074061 | 2.9953813552856445
4479256067 | 0.008158683776855469
9492941892 | 4.3881916999816895
9495476419 | 1.0348999500274658
9740050613 | 2.8816874027252197
4614584967 | 4.124913215637207
7420866566 | 0.7397842407226562
8892314294 | 6.658819913864136
4727926529 | 5.200669527053833
3260668885 | 5.365298271179199
7168465449 | 2.439237117767334
8420752286 | 1.2617909908294678
7285325106 | 0.0082550048828125
5976592574 | 7.382924795150757
2005692820 | 8.337214469909668
9598389647 | 2.288745164871216
7294466731 | 4.660864591598511
7930438977 | 2.3568198680877686
5316796358 | 0.008097410202026367
9420670502 | 1.4971580505371094
9862647034 | 2.776371717453003
9092448339 | 0.008116722106933594
9432688994 | 2.431227922439575
8753920432 | 0.010639667510986328
3896408175 | 0.37199878692626953
8823405791 | 5.422083854675293
5376845440 | 2.296079158782959
2256283739 | 3.784928798675537
9120174271 | 0.006616115570068359
2422724162 | 1.6193063259124756
4214986140 | 5.399234056472778
7278844953 | 7.831336498260498
5616548521 | 10.440913200378418
8065330219 | 3.6494672298431396
4433014983 | 0.7525842189788818
9665108279 | 2.6635725498199463
6146700274 | 3.1583473682403564
7804085206 | 4.291228532791138
1417736047 | 0.008878707885742188
7846522537 | 13.235296487808228
3092994906 | 1.7280910015106201
3763498755 | 4.751283645629883
4282056921 | 0.009303092956542969
8695387154 | 5.231270790100098
9342031632 | 3.2516119480133057
9847789141 | 2.426839590072632
1910466356 | 9.396449565887451
9802547912 | 0.007038593292236328
7720188274 | 2.275836944580078
5583687659 | 0.2674062252044678
6550160573 | 11.171403646469116
7786294163 | 2.0657694339752197
1779512494 | 12.552599430084229
6651988196 | 3.2803940773010254
4007281015 | 1.4663515090942383
2057531215 | 1.4867916107177734
2203978264 | 0.007643461227416992
9654026078 | 4.136499643325806
6364112923 | 2.92891263961792
3327534717 | 8.142427921295166
2475923863 | 7.285041332244873
7397720417 | 0.007311344146728516
8295835445 | 2.0285842418670654
3754855832 | 3.0801875591278076
7876195758 | 3.1877894401550293
7619657339 | 3.9014463424682617
9082661780 | 1.3729143142700195
7058103976 | 0.007729768753051758
5034581839 | 1.8747642040252686
7803627693 | 1.4964017868041992
4542352607 | 13.505543947219849
7540913505 | 5.400017738342285
6300436414 | 1.0320096015930176
9433893473 | 0.84031081199646
5813479921 | 1.3163800239562988
3711077811 | 10.030674695968628
4780969730 | 2.5628724098205566
6605868351 | 0.008422613143920898
8646658614 | 3.8009796142578125
6412547757 | 1.693376064300537
3190522637 | 8.492963790893555
7867975517 | 2.101043939590454
5495838529 | 3.615182638168335
5593129212 | 1.0331175327301025
6664963056 | 0.012969255447387695
7371430110 | 3.41485857963562
6420982739 | 0.007096290588378906
6696717585 | 1.7075738906860352
1152607101 | 4.621248722076416
7202498076 | 0.007717609405517578
8265368949 | 3.0745291709899902
5193079300 | 0.01255655288696289
5428373438 | 1.9326393604278564
4569489156 | 2.7388782501220703
4434580331 | 2.8645200729370117
4602379372 | 5.914400100708008
2924229171 | 1.2013168334960938
4760262455 | 2.1814894676208496
8676970186 | 3.210628032684326
1862479329 | 5.792476654052734
2952496812 | 2.59157395362854
9810626756 | 0.5565493106842041
6109240998 | 4.127316951751709
3053114271 | 5.529361248016357
7868476269 | 4.517920732498169
7929742833 | 3.049328327178955
7449029874 | 2.6658935546875
3400904260 | 0.854668378829956
9775347347 | 0.007384300231933594
5505243107 | 5.740379095077515
3178158336 | 0.566274881362915
4439213620 | 0.008487462997436523
4932561297 | 3.280979871749878
6701389133 | 3.068526268005371
9185742411 | 3.3747711181640625
3561348271 | 10.620957612991333
6333702541 | 0.923243522644043
2325868718 | 11.912077188491821
7354448087 | 3.9746458530426025
2536364961 | 5.260460138320923
7545528913 | 4.182552099227905
6434659342 | 5.283268690109253
1759214617 | 3.401160955429077
5762829920 | 2.7230660915374756
8388331185 | 8.371375799179077
8767738495 | 4.154364585876465
8936521156 | 1.3058719635009766
6019914856 | 10.875768899917603
1790856069 | 2.909881830215454
4337608644 | 3.0375514030456543
9823467526 | 2.111255645751953
7414560594 | 4.142568349838257
2972309073 | 4.583222389221191
8820183822 | 8.841535568237305
6603679840 | 3.886857748031616
3869547227 | 4.354337692260742
9941532902 | 2.2993574142456055
4519786621 | 0.520362377166748
8712006205 | 3.1671993732452393
5049342654 | 3.0187158584594727
8151932674 | 2.0862386226654053
9999447644 | 1.2645528316497803
9157415144 | 2.815695285797119
1056502431 | 1.1041810512542725
6876318699 | 6.807895183563232
6834037628 | 13.530708312988281
8708605730 | 2.9021008014678955
1888570860 | 5.149595022201538
4775977913 | 1.4469048976898193
5167072238 | 2.8129096031188965
7406875966 | 2.0092761516571045
7832899920 | 5.550921678543091
6368339021 | 0.006999492645263672
3402698258 | 2.1295080184936523
8939813340 | 4.0223164558410645
4062798336 | 8.634382724761963
3969110111 | 5.1850855350494385
2176846041 | 1.4114384651184082
3467168808 | 2.476686477661133
9044859814 | 0.4113345146179199
5832429021 | 1.285022497177124
3718513776 | 1.4065845012664795
3923537229 | 9.565183877944946
7649452707 | 0.4307727813720703
5968148048 | 3.326650857925415
7385053674 | 5.1940953731536865
1479022548 | 0.006649971008300781
2673375982 | 3.7155377864837646
5472084428 | 3.298844814300537
7894097714 | 4.304158449172974
2799255621 | 0.006978750228881836
6280077040 | 2.034940242767334
1680175682 | 0.8139426708221436
5439254575 | 2.2515971660614014
1130693885 | 1.1178505420684814
5825170138 | 0.6328155994415283
2196759297 | 3.7520997524261475
5856056251 | 1.3264598846435547
7509076718 | 2.7285046577453613
5669265474 | 2.3147919178009033
9893496253 | 4.528608798980713
5583056584 | 3.2236344814300537
8927238749 | 0.007904529571533203
5366643140 | 1.882190227508545
6313489351 | 6.150453090667725
5523250814 | 1.101985216140747
1626540140 | 4.1819610595703125
9997553628 | 4.789647102355957
5786633094 | 2.890423536300659
2844050363 | 1.621323823928833
4873865134 | 0.768193244934082
3609673947 | 4.797977685928345
4113825224 | 1.8207788467407227
4407822598 | 3.096784830093384
1719302223 | 1.1627957820892334
7160059996 | 0.6236557960510254
7561310199 | 2.487135171890259
1735227290 | 0.5925230979919434
1379736941 | 4.694256544113159
3783423461 | 6.2346510887146
2432105717 | 1.847677230834961
9483190748 | 0.009066343307495117
2054251608 | 9.052797317504883
3236318223 | 3.109015941619873
6907021903 | 0.0075571537017822266
1848969456 | 1.8207767009735107
7335121154 | 14.66550898551941
4327539309 | 1.0507428646087646
2420464478 | 8.689511775970459
8762153015 | 9.282434463500977
7937888587 | 3.8548026084899902
6378381380 | 0.6053521633148193
9681978054 | 2.601316213607788
5384962159 | 6.033674716949463
2569994468 | 7.584913969039917
4251645176 | 2.2818331718444824
2241611041 | 1.6922335624694824
2293097533 | 2.8244917392730713
1736313524 | 0.007017374038696289
5694304209 | 0.0067212581634521484
6616071988 | 10.110303401947021
3922310880 | 1.4271557331085205
1378251450 | 4.002333879470825
2215554453 | 0.6485497951507568
3843643162 | 1.6430068016052246
9895484951 | 1.1540298461914062
8839039392 | 4.186640739440918
9499745756 | 1.0806550979614258
2272012855 | 0.007550239562988281
6347919972 | 0.008064508438110352
2862751191 | 10.028688907623291
6672499480 | 0.010233402252197266
2122119321 | 2.6702609062194824
7754189780 | 1.5701322555541992
1288287232 | 3.2580230236053467
9712499467 | 6.1741249561309814
7368366139 | 5.327814340591431
9685756053 | 4.379289865493774
3323211606 | 0.009383201599121094
4717157986 | 0.8742659091949463
8924075038 | 0.00722193717956543
3567960194 | 1.6925444602966309
9155764802 | 5.059285879135132
6940069180 | 6.566321849822998
3763625938 | 0.006544828414916992
6247657077 | 0.00641632080078125
1288747875 | 0.007039546966552734
7391035503 | 10.489248514175415
2387040607 | 2.4414238929748535
3084084193 | 7.9663567543029785
9900730375 | 3.9483258724212646
1455028282 | 3.751549482345581
2479113490 | 20.89394211769104
4271176202 | 0.7446255683898926
7558232079 | 4.942034721374512
5371080521 | 1.2394859790802002
7843864947 | 2.2763123512268066
2864243082 | 1.2144889831542969
7511579328 | 1.074894905090332
2390245697 | 3.352764844894409
8091399023 | 3.116929769515991
2777159148 | 0.007918119430541992
9534458380 | 0.008290529251098633
9628150648 | 1.633194923400879
6588196360 | 3.9479024410247803
8098069131 | 1.9265131950378418
7668448453 | 2.2433438301086426
1067909066 | 23.239935398101807
9518632354 | 1.5111730098724365
6369225271 | 0.013059377670288086
3912991793 | 2.001185655593872
3079491427 | 1.2201838493347168
6034484077 | 5.669525146484375
5053147493 | 3.396829605102539
2926877246 | 4.460055351257324
8529390481 | 2.5531041622161865
6579667770 | 7.874701738357544
9531611396 | 1.2441229820251465
8323432716 | 0.007523059844970703
8259595798 | 4.014598846435547
9744090573 | 6.71769642829895
5141918034 | 1.9488027095794678
5202221632 | 0.011652469635009766
7454332526 | 5.0078911781311035
9621037656 | 2.330716609954834
9944198136 | 3.905512809753418
6065430411 | 2.7546989917755127
8928023736 | 2.733409881591797
8701193129 | 2.6534199714660645
3212480448 | 1.8816814422607422
9940668716 | 2.4473795890808105
9153512792 | 2.7609353065490723
6844586701 | 0.013811349868774414
8529797247 | 1.5741686820983887
2257211373 | 0.011514663696289062
9581906499 | 1.4806222915649414
3045548791 | 0.3042182922363281
4572286538 | 3.6004204750061035
5280809288 | 0.00829458236694336
7199415739 | 0.008114337921142578
9372846744 | 2.5870208740234375
5500076514 | 1.1451847553253174
3453958819 | 9.124283790588379
7775408183 | 3.841306447982788
9208457501 | 0.009052515029907227
5483624975 | 2.058926820755005
2408237357 | 1.6476855278015137
3126430460 | 5.828348875045776
4145798581 | 0.9899272918701172
7631764723 | 0.006926536560058594
6215661185 | 0.009849786758422852
9821203950 | 2.0901267528533936
3938384047 | 3.3395602703094482
3533169365 | 8.202039003372192
3942744249 | 9.068244218826294
6578179140 | 2.4606497287750244
9062746698 | 2.685029983520508
9857147347 | 4.265600919723511
2758847050 | 2.729370594024658
8552050634 | 2.6626017093658447
5979838052 | 4.321262836456299
2151207267 | 7.30205512046814
6756849603 | 1.6575264930725098
6219689543 | 1.9330401420593262
6892945198 | 0.904731035232544
2048816813 | 7.343011856079102
1399578178 | 1.2126612663269043
6732815923 | 2.8126118183135986
4835875468 | 4.547109603881836
5059349634 | 3.8468828201293945
8295848219 | 3.9753167629241943
9859987191 | 4.226375341415405
5500782869 | 3.187451124191284
3250439445 | 4.771780490875244
5131585710 | 4.001664400100708
7532989901 | 0.8367514610290527
2428881934 | 3.0066184997558594
6490525756 | 4.291225910186768
9817544058 | 0.006619930267333984
2433479771 | 0.005442142486572266
7531974303 | 8.826674938201904
8081551715 | 1.8067772388458252
5033903825 | 0.45803356170654297
1163552718 | 1.84877347946167
3022379596 | 0.00592803955078125
4003980384 | 1.967616081237793
1227749881 | 2.194046974182129
6153832142 | 2.544088363647461
7249155881 | 5.8732030391693115
9141164133 | 2.481179714202881
9760822376 | 1.2049152851104736
4716187271 | 1.7270004749298096
2627066084 | 0.0071980953216552734
7544540720 | 0.9956302642822266
7734333893 | 1.0848937034606934
6240108535 | 0.9737658500671387
2005738927 | 3.4116625785827637
6933859616 | 5.469866037368774
2208882347 | 7.512464761734009
3925711497 | 0.36380672454833984
1971911623 | 3.53008770942688
1760006978 | 0.007877111434936523
3290875339 | 3.533010244369507
6958953101 | 2.1765758991241455
7833218133 | 8.581085443496704
4294211449 | 6.353590726852417
1147187187 | 2.1848621368408203
5345834968 | 2.623645305633545
5356176460 | 7.215242147445679
3478192245 | 2.304224729537964
3883863090 | 1.1489403247833252
9528669766 | 0.008289813995361328
4783931838 | 8.345216751098633
3602928246 | 0.007689237594604492
6594723731 | 11.322989702224731
1696841672 | 1.765989065170288
5426093027 | 2.188070297241211
9725982905 | 14.613062143325806
8734331027 | 25.966779708862305
6679444074 | 3.2502734661102295
9798299624 | 4.43969464302063
6161269108 | 3.60671329498291
4535066324 | 0.4711174964904785
6999641609 | 1.3964612483978271
2969344321 | 3.0901877880096436
5048674221 | 3.114197254180908
3218312666 | 1.8871123790740967
8372145434 | 0.91178297996521
5798590367 | 2.4156785011291504
4032498193 | 6.00332236289978
3641842646 | 3.1938345432281494
5848873089 | 3.709751605987549
2397487657 | 1.6899363994598389
6105097242 | 1.7341499328613281
9204303617 | 2.7392613887786865
9930037228 | 0.010709524154663086
5309090054 | 3.0375027656555176
1374480222 | 2.0344252586364746
5603668442 | 4.467618227005005
6293773724 | 1.3821873664855957
3469909034 | 1.9601523876190186
7752766755 | 1.2338950634002686
9522081426 | 1.4822099208831787
5499658772 | 1.5557975769042969
3287021489 | 2.518709421157837
7234895155 | 18.014917612075806
5791913410 | 1.8423068523406982
7523412871 | 1.5284314155578613
6942600400 | 11.72322130203247
3242237887 | 0.32573819160461426
7615204240 | 1.3959627151489258
4515680371 | 5.935394048690796
9468794403 | 2.912148952484131
2311203303 | 0.008193254470825195
5857820602 | 2.365381956100464
8768540715 | 0.008040904998779297
7368736165 | 3.487889051437378
4283580778 | 3.340658664703369
4150532707 | 2.9503443241119385
6292353801 | 3.396721363067627
4124549197 | 5.806599140167236
1449816605 | 1.9765958786010742
8122961529 | 0.009115219116210938
4448679865 | 3.620661497116089
4490801670 | 4.203369140625
2354850424 | 1.6058893203735352
1662379178 | 0.0078046321868896484
8727749572 | 3.0886504650115967
5187152824 | 2.2692127227783203
8874611696 | 7.0255467891693115
9731206171 | 3.9350175857543945
3206586563 | 27.773516178131104
4138220233 | 1.0915522575378418
7697883350 | 3.03583025932312
9232343278 | 1.1418039798736572
7252579343 | 1.5271580219268799
6851121652 | 18.619073390960693
6522722417 | 2.5982136726379395
2468492134 | 6.278750896453857
8681776331 | 1.917290210723877
5029102940 | 11.800214290618896
9499961304 | 0.0066950321197509766
5442505670 | 4.240126848220825
3546811782 | 2.69376277923584
5519987770 | 4.529532432556152
6553021989 | 2.951167106628418
2100977200 | 3.8732452392578125
2137596526 | 3.503328323364258
5726249124 | 5.636547565460205
3519876619 | 3.119279146194458
4956408126 | 2.7946441173553467
3925496261 | 4.423335552215576
5904079773 | 3.3535425662994385
6095235293 | 0.7177071571350098
8955017373 | 9.070862531661987
5345673472 | 0.008844852447509766
1354824142 | 1.9273779392242432
7296705517 | 9.646757125854492
2988086824 | 0.00755000114440918
6585388706 | 4.583103895187378
8965557975 | 0.006608247756958008
4865179701 | 11.847106456756592
8616932823 | 4.1304099559783936
5607632733 | 3.2482526302337646
9597171070 | 0.008828878402709961
1680432025 | 2.922518491744995
5665616853 | 4.731259822845459
7518245354 | 1.1213793754577637
3686726380 | 4.692469358444214
4410971711 | 0.010250329971313477
6459099201 | 2.5782153606414795
3641433154 | 1.0525250434875488
9142278475 | 1.925628662109375
8378434904 | 8.909966945648193
9765535298 | 3.478684186935425
3112797033 | 4.090624094009399
3274839353 | 3.1291167736053467
5892079237 | 0.011957406997680664
2408716484 | 0.007539987564086914
9879503711 | 0.787722110748291
5409330610 | 0.0078084468841552734
2360472025 | 1.2005012035369873
1981403362 | 3.989473342895508
5253132074 | 0.013214588165283203
5404307090 | 1.5577640533447266
9897908370 | 4.455603361129761
4345914219 | 4.591330528259277
1455970174 | 12.068434476852417
6137736851 | 2.3023643493652344
9040461150 | 0.6718642711639404
8750460475 | 0.01301717758178711
4964233221 | 0.00922250747680664
3223289232 | 3.1795592308044434
6080793665 | 15.91071605682373
2385431937 | 0.012508153915405273
2304313414 | 0.012905120849609375
8070860339 | 1.1453144550323486
6259830143 | 9.455530881881714
3085590074 | 1.8290185928344727
5226485228 | 1.2712275981903076
5630859029 | 1.9259414672851562
4184523014 | 0.006325483322143555
3968659970 | 0.6224982738494873
4659676291 | 6.453002214431763
6367074797 | 0.00811004638671875
6504314513 | 0.5935876369476318
7080377034 | 1.3230946063995361
2790026634 | 3.9740467071533203
4177894267 | 14.199183464050293
9800633274 | 0.0070340633392333984
3267027076 | 2.5693793296813965
7177849258 | 6.553875923156738
1167003411 | 3.6118783950805664
8892214507 | 1.4770479202270508
7009187020 | 8.838083744049072
5079042202 | 2.971207618713379
4516952665 | 5.746124744415283
4892019230 | 1.6277470588684082
3628059847 | 4.765106201171875
8388108719 | 2.8770008087158203
1755299735 | 3.4003958702087402
4044169355 | 0.006682872772216797
1983266921 | 1.9252686500549316
8160517910 | 2.1477344036102295
2329330265 | 5.2121100425720215
5826466687 | 3.7510986328125
1504573478 | 2.9629411697387695
1203522587 | 11.274829626083374
4441287303 | 4.106677293777466
8261786392 | 4.344275712966919
7124719459 | 2.0006823539733887
5404981460 | 0.006837129592895508
4515330680 | 3.9276926517486572
7459748277 | 8.598350048065186
1556793106 | 2.3804078102111816
7814405518 | 0.0068280696868896484
9105883623 | 3.8171145915985107
1252368459 | 6.7350568771362305
5996599980 | 0.00722503662109375
5257745738 | 2.388212203979492
6494174287 | 13.300049781799316
3454849864 | 0.008367538452148438
9317076290 | 9.427240133285522
1218066947 | 0.007113218307495117
4575018791 | 4.17396879196167
8940518887 | 3.6950650215148926
9311450318 | 4.16434907913208
1545130215 | 0.546987771987915
2190328725 | 10.941736221313477
1351596580 | 0.007390022277832031
4376910836 | 1.9360299110412598
1065179930 | 6.902224063873291
3408659099 | 3.8976643085479736
9674924644 | 3.699157238006592
4410237020 | 5.345752954483032
6798215977 | 5.4892966747283936
7832244482 | 1.9589083194732666
5157536012 | 1.4011156558990479
4098683692 | 2.3838160037994385
3627919103 | 1.064424991607666
7763285510 | 4.147257566452026
9304284008 | 2.3060097694396973
9052789897 | 1.0892229080200195
4428350257 | 1.148542881011963
2245868102 | 5.145761013031006
1338960875 | 1.052865743637085
5015389290 | 4.219489336013794
5888848068 | 6.770447254180908
2651670226 | 2.729065179824829
9595273084 | 1.1504685878753662
6464162820 | 8.440744876861572
7893956267 | 5.299706697463989
2463714344 | 3.6728053092956543
2769060029 | 5.480262994766235
3069905008 | 2.129391670227051
9704346841 | 11.396369695663452
6226182804 | 1.5339159965515137
4231439558 | 0.008568286895751953
8266688208 | 7.520878553390503
5065563000 | 0.011257410049438477
9302372143 | 1.3518359661102295
4397404773 | 2.2719626426696777
4688273891 | 3.575002431869507
9873599161 | 1.3237731456756592
3746178119 | 6.991281986236572
7789955184 | 3.3079612255096436
5866272499 | 26.0926251411438
9985526274 | 6.537286758422852
8700064036 | 0.010696887969970703
5735085658 | 0.01126718521118164
9320245524 | 0.011259078979492188
8992303457 | 2.3630716800689697
9297118653 | 1.7809784412384033
5968026898 | 0.5329811573028564
4885538210 | 1.5341789722442627
6681248324 | 1.9797849655151367
3321224362 | 6.411032199859619
6849729318 | 2.2927165031433105
6045759707 | 3.0598347187042236
9565952236 | 0.4555070400238037
3588419822 | 2.261183261871338
9598924439 | 11.828001976013184
8376448992 | 7.610072374343872
7289739031 | 4.354517221450806
8404920694 | 0.010034799575805664
3273003665 | 1.3713395595550537
6613983559 | 2.1901514530181885
1460783832 | 0.36262941360473633
6163092918 | 0.008493185043334961
4172246864 | 5.272173881530762
5167932392 | 3.5690009593963623
1690612322 | 17.097010612487793
2173483218 | 2.310284376144409
2191115639 | 5.4991984367370605
8575736587 | 4.388405084609985
6348642034 | 1.2158236503601074
1370213073 | 1.6132724285125732
6350389649 | 39.77897238731384
5010902104 | 0.4440910816192627
5599410036 | 4.27384090423584
2178571789 | 2.232579469680786
1818430663 | 1.505906581878662
3668499315 | 14.100105285644531
9081573882 | 6.7875189781188965
8280022972 | 0.8834488391876221
6578399688 | 9.506387948989868
9358168967 | 2.8408045768737793
7400765217 | 2.90742826461792
1529405720 | 2.2217166423797607
2066252795 | 0.008097410202026367
1198317556 | 4.387266397476196
1100354080 | 6.307101726531982
6093730014 | 7.3303868770599365
9846924263 | 1.4240756034851074
9451298120 | 1.6521797180175781
5251569285 | 2.459465265274048
4565885857 | 2.810938596725464
7100692138 | 2.16581130027771
7209748548 | 1.6842114925384521
9561003691 | 4.716087102890015
3899117191 | 0.6062967777252197
1341680961 | 2.444140911102295
1936240416 | 5.294227123260498
2550425867 | 5.580626726150513
9130671188 | 1.0364711284637451
8451481708 | 10.596489429473877
4241496304 | 6.155405521392822
4875126477 | 3.0844945907592773
7663243235 | 7.477083921432495
4575274379 | 4.751611948013306
4193198341 | 3.597548723220825
4341913499 | 3.022952079772949
4269674066 | 1.3984129428863525
9347073686 | 0.0075647830963134766
9458941358 | 2.4227712154388428
6564241105 | 7.15251898765564
5736145153 | 0.00861501693725586
2688773615 | 0.9841969013214111
8473208439 | 1.9687988758087158
8867218900 | 2.8457441329956055
9340930253 | 5.724285125732422
5740565702 | 11.044415712356567
7991511706 | 0.7625143527984619
8526783015 | 2.366687297821045
6161826341 | 2.109006404876709
8125609953 | 6.496058940887451
1825632157 | 4.2020018100738525
7628208072 | 0.00970315933227539
7486725209 | 0.00641322135925293
1625844297 | 2.199287176132202
7951621323 | 1.119091272354126
3142806467 | 1.8060195446014404
8896755339 | 0.26099634170532227
5037638015 | 4.579581260681152
7310735319 | 0.009478330612182617
5784029995 | 0.9832763671875
6623680747 | 4.703114748001099
4583035583 | 4.881809711456299
1534391161 | 7.185734033584595
2775241886 | 3.946152925491333
3977173956 | 0.010537862777709961
5945200807 | 0.7678911685943604
3772305768 | 1.9222843647003174
5803276612 | 1.1635220050811768
8642933603 | 0.8155310153961182
2232914654 | 5.133336305618286
7429343188 | 6.606047630310059
9748652498 | 0.011425018310546875
7954213966 | 7.479387283325195
8367678671 | 3.3756251335144043
8285562074 | 5.7126359939575195
5734077621 | 8.42466425895691
5763049586 | 0.012273311614990234
3581987497 | 1.9451236724853516
7937541269 | 2.5419039726257324
9729722477 | 1.7920842170715332
1526465584 | 1.472325325012207
7353940610 | 0.017154932022094727
3495632915 | 6.184474229812622
6925450335 | 5.111640930175781
5676410336 | 1.0802669525146484
1259482776 | 0.0063631534576416016
1599259237 | 4.381906986236572
1262591732 | 3.3893165588378906
6953628067 | 2.2658731937408447
6275508917 | 1.1934168338775635
8132896421 | 4.1231091022491455
5258965739 | 0.6652684211730957
4457268506 | 2.98443341255188
4953309297 | 5.440487384796143
3497621111 | 23.39076018333435
8958107418 | 0.011197328567504883
1257804874 | 3.228132724761963
8366453290 | 3.5984251499176025
5796199762 | 0.9910759925842285
8473762231 | 1.9049742221832275
8630711528 | 9.282397747039795
2986246850 | 2.686314344406128
7108817013 | 8.778075218200684
6942577158 | 4.134366273880005
4289567909 | 8.902421712875366
1030054770 | 1.5261826515197754
6583549550 | 4.201521635055542
6789478466 | 2.26039457321167
6654264549 | 2.773841619491577
2200107472 | 2.1487648487091064
5706790403 | 10.753264427185059
6184978184 | 2.4526309967041016
6909299492 | 0.0055904388427734375
7866531493 | 1.043363094329834
1886267168 | 3.550769567489624
4579300260 | 2.3715038299560547
7256743382 | 2.0133233070373535
2592832762 | 0.6224572658538818
5119728302 | 6.7377543449401855
6953439804 | 3.1604652404785156
1371590484 | 4.135369539260864
3512367293 | 2.2492125034332275
4604563661 | 2.0834319591522217
6390604887 | 0.008302688598632812
3596536497 | 3.042398452758789
7637596221 | 1.5401339530944824
3451554228 | 9.251976013183594
6866298502 | 3.63472580909729
9998376549 | 1.6712124347686768
2455300719 | 2.7958760261535645
4657876621 | 3.562713623046875
9612773613 | 0.007223367691040039
2606173286 | 0.007151365280151367
2148045901 | 0.007664918899536133
7663170271 | 1.7960255146026611
6625471094 | 2.4937140941619873
1913802485 | 3.745302200317383
7388444849 | 1.0296297073364258
8250814148 | 2.9242684841156006
2517921877 | 18.539730310440063
4301070446 | 0.007795095443725586
7334342973 | 4.655412197113037
9527640457 | 0.007401466369628906
3974314566 | 3.3515238761901855
2177112831 | 1.16703200340271
6481324316 | 4.692509651184082
2824800208 | 1.1299045085906982
3394695739 | 6.465629577636719
3577399181 | 1.7041220664978027
5613601274 | 0.00805521011352539
4390211484 | 3.3771274089813232
6393993220 | 4.797133684158325
9232987381 | 0.008258581161499023
4729651828 | 2.184256076812744
2700408824 | 17.976396322250366
1769238037 | 0.009819746017456055
9547848531 | 16.32184910774231
1611948253 | 0.007981538772583008
1774292499 | 8.371537685394287
9699118802 | 13.18588399887085
6286913493 | 8.05815839767456
4650729060 | 4.0172200202941895
9508534768 | 3.221195697784424
1871510175 | 3.9955976009368896
2534848770 | 13.557286739349365
9625047544 | 1.464209794998169
9737294335 | 8.233592748641968
4898005191 | 2.6008455753326416
9644099759 | 2.9675073623657227
5082818966 | 3.438480854034424
6786793512 | 1.3531827926635742
1082709262 | 1.895479679107666
8531353772 | 2.800370454788208
5176460865 | 2.8456997871398926
8685231335 | 5.832645654678345
2782135909 | 0.010046720504760742
4941882859 | 3.6350929737091064
5936790884 | 1.6913809776306152
3521870827 | 1.2929432392120361
3367642412 | 8.590882301330566
4719882281 | 1.8639204502105713
6418583504 | 29.976154565811157
7504405993 | 0.01238107681274414
7524885099 | 12.867797374725342
9845784920 | 5.618254899978638
4211648019 | 6.248585939407349
1796739491 | 0.010249137878417969
8325179908 | 0.006438732147216797
8231410480 | 3.591747999191284
5877116671 | 4.830955266952515
4953010432 | 3.8542838096618652
9299095730 | 0.011011362075805664
2391519889 | 4.596588134765625
2719621466 | 3.2912259101867676
1260522701 | 0.007759809494018555
9085816392 | 0.008048772811889648
5042611788 | 3.111664056777954
4762681519 | 10.764966487884521
3756406424 | 2.2214620113372803
1289987299 | 0.0062580108642578125
5420230393 | 5.454359292984009
2540965279 | 1.9686245918273926
3682680085 | 3.191671848297119
4890536532 | 3.2372663021087646
7885569320 | 2.34024977684021
3679141158 | 0.007547616958618164
8888331009 | 5.678922176361084
1436453382 | 1.837341070175171
6859856472 | 6.27708625793457
1257685736 | 5.629772186279297
4619660694 | 10.91217851638794
6294006600 | 0.007423877716064453
8310052197 | 1.4307799339294434
3393202562 | 5.954524755477905
6781308746 | 2.823791027069092
5816982267 | 1.9578752517700195
2264732882 | 2.6500954627990723
2440348874 | 3.4102823734283447
2081211904 | 2.3941895961761475
5250661175 | 1.2067608833312988
4047177230 | 1.4889209270477295
2939559133 | 2.7877695560455322
3323228145 | 35.3440203666687
7348715579 | 3.129910945892334
1214004098 | 11.05221176147461
2159654621 | 4.384845733642578
6457150728 | 0.0066983699798583984
1050100899 | 15.818279266357422
1483353584 | 1.8057670593261719
9267360223 | 3.954794406890869
4568667194 | 2.1587486267089844
6388866661 | 5.992115497589111
1135324635 | 1.2626562118530273
5584421777 | 4.414702415466309
7393563588 | 2.667999744415283
3771090336 | 1.3292794227600098
6549450763 | 0.0073277950286865234
9791842658 | 1.0602929592132568
3956307246 | 5.487896680831909
6750941933 | 3.094310998916626
9025409935 | 0.01170206069946289
8558450004 | 5.973984956741333
8893560793 | 3.9119203090667725
8244353678 | 1.005265235900879
3774003070 | 4.034224271774292
7301264445 | 2.8659753799438477
8172438594 | 1.7837309837341309
5759336984 | 8.67369270324707
1345587999 | 5.528521537780762
1265244796 | 2.487954616546631
7317670876 | 5.7875611782073975
3335607444 | 0.006627798080444336
8398634640 | 5.852541208267212
3243574473 | 2.9615232944488525
4630037326 | 0.023101806640625
7169086721 | 1.1877520084381104
5603134044 | 10.139636278152466
7506709288 | 1.5332329273223877
6098943388 | 2.3176331520080566
8027433347 | 2.03951358795166
2093880967 | 2.8154196739196777
2159960349 | 0.6889276504516602
4269294853 | 4.295925617218018
4019936282 | 3.1003432273864746
4136231236 | 1.8598699569702148
6262249813 | 0.5772585868835449
9909284014 | 0.008928775787353516
1456782017 | 2.9498605728149414
4459771620 | 2.512134313583374
8263934842 | 7.880431652069092
9549170266 | 0.010196924209594727
4991709319 | 0.010336160659790039
7509639715 | 11.775502681732178
4226656983 | 2.481339931488037
4910697113 | 0.0089874267578125
8142022319 | 3.5564839839935303
1749293159 | 20.721806287765503
1153476894 | 0.009294986724853516
7447306405 | 1.4862236976623535
3390102215 | 5.315150260925293
6443307446 | 0.009038925170898438
