6378094928 | 1.0894160270690918
8066534677 | 1.1178474426269531
2874770416 | 0.2857208251953125
7552035307 | 0.7104537487030029
8826622667 | 0.08129572868347168
6866815373 | 0.43912172317504883
2307872538 | 0.7846260070800781
1370121616 | 0.866487979888916
3156104449 | 0.920166015625
7257045310 | 0.2339158058166504
5208240074 | 0.7086617946624756
5202114196 | 0.7788498401641846
9069512482 | 0.4306495189666748
7404716824 | 0.32530689239501953
1123276281 | 0.7481038570404053
3757847172 | 0.1491084098815918
8046792156 | 0.01878499984741211
8406750099 | 0.24583148956298828
8625379660 | 0.22249746322631836
9215442197 | 0.560359001159668
7055214469 | 0.8107523918151855
1591083110 | 0.338407039642334
8854391955 | 0.8588149547576904
7500716013 | 0.11492037773132324
8626845640 | 0.24376964569091797
3409720414 | 0.5899202823638916
7436499329 | 1.157663345336914
2372986178 | 0.502366304397583
8050064285 | 1.013742208480835
8547536777 | 0.09281015396118164
8951035886 | 0.47415995597839355
7932105145 | 1.52848482131958
3973957431 | 0.34935784339904785
4417591171 | 0.6593248844146729
2784172186 | 0.7075908184051514
4920581937 | 0.7038800716400146
4760329731 | 0.5512661933898926
6094948875 | 0.5046954154968262
1072917801 | 0.04243826866149902
7228141762 | 0.48262858390808105
8861691145 | 0.9315576553344727
6638520485 | 1.4639062881469727
9943126747 | 0.33385610580444336
7973989520 | 0.5810773372650146
8876896948 | 0.230482816696167
6322045509 | 0.8622310161590576
6802661339 | 0.0454099178314209
2691155056 | 0.33199048042297363
6988516302 | 1.4081509113311768
3781845203 | 0.16244268417358398
9598139025 | 0.5914928913116455
6791343392 | 0.30832862854003906
3925390321 | 0.27430200576782227
2473788719 | 0.33682703971862793
9014363877 | 0.029445409774780273
9967375025 | 0.07435464859008789
5634574514 | 0.21271848678588867
9820567149 | 0.016488313674926758
2968561480 | 0.3612489700317383
9272146374 | 0.018233060836791992
3324052827 | 0.32361626625061035
7697842163 | 0.6438589096069336
7369608679 | 0.9395742416381836
7039701183 | 0.6021153926849365
6107610185 | 1.1743173599243164
7051537598 | 1.4312889575958252
9613925318 | 1.1760075092315674
2537902606 | 1.359067440032959
8489262253 | 0.27208638191223145
8055622926 | 1.008495569229126
9976111378 | 0.2593681812286377
2835178769 | 0.053371429443359375
2717919914 | 0.407639741897583
5313876807 | 0.9357032775878906
4330018777 | 1.3528828620910645
3305892215 | 0.29169344902038574
9466991749 | 0.6357014179229736
3363749769 | 0.6298775672912598
7518150518 | 2.4577243328094482
9526658796 | 0.8042376041412354
4961514635 | 0.039327383041381836
6894704475 | 0.3302180767059326
4166230256 | 0.9369471073150635
4322282376 | 0.25267553329467773
6856700122 | 0.27730727195739746
6600346476 | 1.7339494228363037
6692430039 | 1.0358219146728516
4452669875 | 0.4586002826690674
8910379303 | 0.1366276741027832
2578288150 | 0.34710216522216797
3336241373 | 0.02563786506652832
8970944561 | 0.28119468688964844
9967586202 | 0.6760170459747314
3725085852 | 0.3241415023803711
9833874631 | 0.45626378059387207
1808917692 | 0.8817999362945557
6551965647 | 0.1282031536102295
8634603576 | 1.0697705745697021
6931136039 | 0.3319363594055176
2763212095 | 0.38821840286254883
1374480222 | 0.2304549217224121
5603668442 | 1.1983890533447266
6293773724 | 0.24611186981201172
3469909034 | 1.9012665748596191
7752766755 | 0.16775727272033691
9522081426 | 0.7163059711456299
5499658772 | 0.35071611404418945
3287021489 | 0.5317468643188477
7234895155 | 0.8648929595947266
5791913410 | 0.3330080509185791
7523412871 | 1.077117681503296
6942600400 | 0.21793055534362793
3242237887 | 0.43909287452697754
7615204240 | 0.38905978202819824
4515680371 | 0.11542177200317383
9468794403 | 0.13591337203979492
2311203303 | 0.06817293167114258
5857820602 | 0.01398015022277832
8768540715 | 0.18231558799743652
7368736165 | 1.6905040740966797
4283580778 | 0.5127980709075928
4150532707 | 0.042524099349975586
6292353801 | 0.1848154067993164
4124549197 | 0.2698235511779785
1449816605 | 0.03517556190490723
8122961529 | 0.025794506072998047
4448679865 | 0.4878866672515869
4490801670 | 0.7096700668334961
2354850424 | 0.12328124046325684
1662379178 | 0.37644028663635254
8727749572 | 0.1240241527557373
5187152824 | 0.4641404151916504
8874611696 | 0.5882117748260498
9731206171 | 0.023630619049072266
3206586563 | 0.5178256034851074
4138220233 | 0.7830636501312256
7697883350 | 0.04234814643859863
9232343278 | 2.083420515060425
7252579343 | 0.07829499244689941
6851121652 | 0.1284956932067871
6522722417 | 0.02051687240600586
2468492134 | 0.1894369125366211
8681776331 | 0.07791876792907715
5029102940 | 0.9758543968200684
9499961304 | 1.5481739044189453
5442505670 | 1.0610401630401611
3546811782 | 0.8371903896331787
5519987770 | 0.5820672512054443
6553021989 | 0.46933627128601074
2100977200 | 0.39862799644470215
2137596526 | 0.7908620834350586
5726249124 | 0.15677833557128906
3519876619 | 1.0904934406280518
4956408126 | 1.577857494354248
3925496261 | 0.5066523551940918
5904079773 | 0.17794442176818848
6095235293 | 0.0428316593170166
8955017373 | 0.06606149673461914
5345673472 | 1.3004047870635986
1354824142 | 0.5268759727478027
7296705517 | 0.5462527275085449
2988086824 | 1.1295528411865234
6585388706 | 0.5163068771362305
8965557975 | 0.487548828125
4865179701 | 0.5157124996185303
8616932823 | 1.175096035003662
5607632733 | 0.24560332298278809
9597171070 | 1.1615962982177734
1680432025 | 0.6190307140350342
5665616853 | 0.9192743301391602
7518245354 | 1.8587663173675537
3686726380 | 0.6428186893463135
4410971711 | 0.7319607734680176
6459099201 | 0.30193495750427246
3641433154 | 0.6606974601745605
9142278475 | 0.4356873035430908
8378434904 | 0.2825767993927002
9765535298 | 0.04252934455871582
3112797033 | 0.5880067348480225
3274839353 | 0.8562297821044922
5892079237 | 0.2707250118255615
2408716484 | 0.03862404823303223
9879503711 | 0.743882417678833
5409330610 | 0.7178909778594971
2360472025 | 0.7082765102386475
1981403362 | 0.6759493350982666
5253132074 | 0.6174089908599854
5404307090 | 0.6543700695037842
9897908370 | 0.7242982387542725
4345914219 | 0.8676605224609375
1455970174 | 0.409304141998291
6137736851 | 2.18953013420105
9040461150 | 1.2545521259307861
8750460475 | 0.8160204887390137
4964233221 | 0.726597785949707
3223289232 | 0.08127903938293457
6080793665 | 0.2943239212036133
2385431937 | 1.6066501140594482
2304313414 | 0.35025739669799805
8070860339 | 0.9547269344329834
7379912823 | 1.7022075653076172
8362589325 | 0.024549245834350586
9443553913 | 0.3275432586669922
5330263334 | 0.38462018966674805
7658878616 | 0.32201147079467773
7062886895 | 0.30327844619750977
2150995852 | 0.5504870414733887
9410530240 | 0.25031280517578125
7393327641 | 0.37527990341186523
8239833419 | 0.9456286430358887
8067576839 | 0.4086587429046631
9955158309 | 1.4546842575073242
7400864798 | 1.4232795238494873
8092602316 | 1.023728370666504
6085171697 | 0.4897012710571289
7079467992 | 0.8176720142364502
3864655006 | 0.32312798500061035
1393709664 | 0.5735301971435547
3487697251 | 0.992234468460083
4707635285 | 0.8422179222106934
8986814592 | 0.8452541828155518
5785437218 | 0.5148577690124512
8638836250 | 1.0276203155517578
1767309055 | 0.060843706130981445
3281621734 | 0.9393503665924072
9415520890 | 1.2832002639770508
1422068501 | 1.2306618690490723
1113983791 | 0.527395486831665
5857773750 | 1.007702112197876
6725084743 | 0.39533138275146484
1041688852 | 1.1759426593780518
6525977580 | 1.2664525508880615
6477201544 | 0.8568892478942871
3840024344 | 1.7360739707946777
1604074451 | 0.17936110496520996
3967889076 | 0.3300204277038574
9252980250 | 0.26522016525268555
5646992998 | 0.5669348239898682
3831532070 | 0.9108541011810303
9168767453 | 1.047767162322998
8978668956 | 0.16287755966186523
3218023398 | 0.369490385055542
7150407329 | 1.307528018951416
4101658633 | 1.0579898357391357
1022720345 | 0.3021047115325928
4823258936 | 0.2489185333251953
3377357321 | 0.4189877510070801
7349172329 | 0.6120953559875488
9273971166 | 1.9940221309661865
6313848277 | 0.9341456890106201
9428862206 | 0.2594306468963623
5391741697 | 0.09078240394592285
5092142923 | 1.4286258220672607
2594622985 | 0.028028488159179688
7444375526 | 0.12095117568969727
5330754965 | 0.5260112285614014
9574590592 | 0.5518310070037842
6560783349 | 0.2830538749694824
4966957516 | 0.08619308471679688
2761747473 | 0.5501575469970703
6642893401 | 0.7566087245941162
3625793555 | 0.05053877830505371
8647090861 | 0.15541815757751465
4983562550 | 0.43729305267333984
3386946506 | 0.5860095024108887
8111474286 | 0.3671891689300537
9954324397 | 1.2755022048950195
3080400522 | 0.5457813739776611
7404283511 | 0.19973516464233398
2937983496 | 0.5122451782226562
8128616805 | 0.3699650764465332
2735032227 | 0.024832963943481445
4105587344 | 0.19801902770996094
9138419170 | 1.0636067390441895
4971946373 | 0.1264173984527588
2875536660 | 0.5083179473876953
7741165083 | 0.8254477977752686
8288068081 | 0.4905705451965332
6922562198 | 0.93357253074646
1057972241 | 0.5548324584960938
6510241397 | 0.8324496746063232
2294589287 | 0.1991417407989502
1552042264 | 1.5765328407287598
3396891316 | 0.022553205490112305
3341354096 | 0.020392894744873047
8358727173 | 0.09966349601745605
6055439288 | 0.5456662178039551
5544478428 | 1.0605344772338867
7098588404 | 0.36977338790893555
6812803382 | 0.3422834873199463
2148097078 | 0.17440581321716309
3343801673 | 0.15495967864990234
4772445702 | 0.5573709011077881
2630840365 | 1.1495201587677002
3342307724 | 0.4514145851135254
5718787929 | 0.5007271766662598
5799520468 | 0.04872632026672363
1545878710 | 0.8082826137542725
3393812165 | 0.5921852588653564
5114810774 | 0.03940606117248535
8590435716 | 0.7690832614898682
3133018584 | 0.9412868022918701
1227166283 | 1.4501001834869385
8168074061 | 0.4283716678619385
4479256067 | 0.3516204357147217
9492941892 | 0.6170434951782227
9495476419 | 0.12306070327758789
9740050613 | 1.5259344577789307
4614584967 | 0.04288363456726074
7420866566 | 0.9905309677124023
8892314294 | 0.1594374179840088
4727926529 | 1.0074069499969482
3260668885 | 0.050139665603637695
7168465449 | 1.1487951278686523
8420752286 | 0.45960092544555664
7285325106 | 0.08233428001403809
5976592574 | 0.5398986339569092
2005692820 | 0.3301200866699219
9598389647 | 0.10748958587646484
7294466731 | 0.038609981536865234
7930438977 | 0.20006966590881348
5316796358 | 0.9786515235900879
9420670502 | 1.2647881507873535
9862647034 | 0.3633565902709961
9092448339 | 0.7046537399291992
9432688994 | 0.8350663185119629
8753920432 | 0.8360097408294678
3896408175 | 0.07425975799560547
8823405791 | 1.050788402557373
5376845440 | 0.7147789001464844
2256283739 | 0.19478559494018555
9120174271 | 0.18856239318847656
2422724162 | 0.08694887161254883
4214986140 | 0.1492617130279541
7278844953 | 0.4732174873352051
5616548521 | 0.32304835319519043
8065330219 | 0.988426685333252
4433014983 | 0.33603644371032715
9665108279 | 0.9008102416992188
6146700274 | 0.23243951797485352
7804085206 | 0.051788330078125
1417736047 | 0.9430501461029053
7846522537 | 0.8256423473358154
3092994906 | 0.9622750282287598
3763498755 | 1.1989314556121826
4282056921 | 0.8547985553741455
8695387154 | 0.7308194637298584
9342031632 | 0.16856646537780762
9847789141 | 0.3247864246368408
1910466356 | 0.5029599666595459
9802547912 | 0.037937164306640625
7720188274 | 0.25324344635009766
5583687659 | 0.28136730194091797
6550160573 | 1.038677453994751
7786294163 | 3.1144187450408936
1779512494 | 0.17739462852478027
6651988196 | 0.020473957061767578
4007281015 | 0.2335972785949707
2057531215 | 0.5607867240905762
2203978264 | 0.35739946365356445
9654026078 | 0.6276633739471436
6364112923 | 0.02576923370361328
3327534717 | 1.8665287494659424
2475923863 | 0.5518875122070312
7397720417 | 0.24889135360717773
8295835445 | 0.8745429515838623
3754855832 | 0.47310519218444824
7876195758 | 1.0688481330871582
7619657339 | 0.02854466438293457
9082661780 | 1.3832743167877197
7058103976 | 0.7197694778442383
5034581839 | 0.17647647857666016
7803627693 | 1.9752726554870605
4542352607 | 0.19197869300842285
7540913505 | 0.10997390747070312
6300436414 | 0.6278305053710938
9433893473 | 0.5296287536621094
5813479921 | 0.0769352912902832
3711077811 | 0.3544600009918213
4780969730 | 1.0755155086517334
6605868351 | 0.33286023139953613
8646658614 | 0.17714929580688477
6412547757 | 1.6422734260559082
3190522637 | 0.3428976535797119
7867975517 | 0.24457502365112305
5495838529 | 0.7277717590332031
5593129212 | 1.2676634788513184
6664963056 | 1.0403332710266113
7371430110 | 1.1322627067565918
6420982739 | 0.10371232032775879
6696717585 | 0.281360387802124
1152607101 | 0.7866401672363281
7202498076 | 0.7964396476745605
8265368949 | 0.28643178939819336
5193079300 | 0.891216516494751
5428373438 | 0.19681549072265625
4569489156 | 1.2007818222045898
4434580331 | 0.071868896484375
4602379372 | 0.25103139877319336
2924229171 | 1.67036771774292
1861123244 | 0.727102518081665
3829943707 | 1.6980018615722656
7366707301 | 0.5735008716583252
9747032487 | 0.6575167179107666
5685317245 | 0.9146556854248047
4593070884 | 0.7278344631195068
2664463302 | 0.2246088981628418
4274275019 | 0.49976229667663574
1323384233 | 0.12924933433532715
4653592937 | 0.3060009479522705
6082899182 | 1.0929911136627197
1205724791 | 1.0189721584320068
7657508113 | 0.4457082748413086
8767490351 | 0.08671784400939941
4655566451 | 0.10611414909362793
2307636564 | 0.36980748176574707
9883372272 | 0.2160811424255371
2626192345 | 0.49051809310913086
3083309632 | 0.3776824474334717
9712042147 | 2.007145881652832
2661501293 | 0.6404674053192139
3914985921 | 0.5582308769226074
4586642043 | 0.18753504753112793
3047914384 | 1.071122169494629
4236731604 | 0.19395875930786133
4129271905 | 0.20151472091674805
2570924139 | 1.1290390491485596
4225813780 | 0.28748011589050293
5304669918 | 0.03585982322692871
1461409602 | 0.3174407482147217
7601325858 | 0.020037174224853516
2551103537 | 0.38106870651245117
8041393304 | 0.7574818134307861
6434491046 | 0.16249847412109375
9764879744 | 0.9424102306365967
1424552540 | 0.014753580093383789
6409381392 | 1.6624276638031006
3759899627 | 0.3830986022949219
1881913964 | 1.0480620861053467
9587426711 | 0.5021402835845947
4023890342 | 0.030098438262939453
2687212575 | 0.06121635437011719
6354690831 | 0.4574732780456543
3735551605 | 0.4897782802581787
8526373258 | 1.344280481338501
1374874823 | 0.43977975845336914
3431722794 | 0.4561574459075928
1294930495 | 0.7087147235870361
5391204863 | 0.4472360610961914
5141996482 | 0.18538737297058105
4772958755 | 0.02819991111755371
8159375809 | 1.6935663223266602
5222709666 | 0.7973742485046387
3678646561 | 0.9866931438446045
5674660362 | 1.7189769744873047
7068570452 | 0.7089338302612305
1193674640 | 1.520301103591919
3308700290 | 0.8007524013519287
1832518798 | 0.4176175594329834
7923073079 | 0.20983004570007324
6774150940 | 0.01519012451171875
6808026800 | 0.1891918182373047
9744707159 | 0.24557924270629883
4727592027 | 0.493671178817749
5385205316 | 1.4515283107757568
6304305136 | 0.3686559200286865
9698349278 | 1.1068196296691895
1998769331 | 0.6374168395996094
4266504710 | 0.8073463439941406
3054543840 | 1.981379747390747
5077224935 | 0.11962032318115234
6011400656 | 0.3047940731048584
8465184592 | 0.3691599369049072
5085190459 | 0.6348917484283447
3416214381 | 0.7386486530303955
7554339163 | 0.03482222557067871
6924767169 | 0.463620662689209
9923525707 | 1.2540864944458008
7305689544 | 1.1610486507415771
4216099286 | 0.9825239181518555
1475126608 | 0.2358717918395996
3828441572 | 1.1637232303619385
7831065723 | 0.02427959442138672
3848846209 | 0.05254936218261719
6226558270 | 0.6709108352661133
5310642288 | 1.1849024295806885
9079656025 | 0.0496821403503418
9835558840 | 0.5541985034942627
1454769522 | 0.5857548713684082
6002340339 | 0.9846150875091553
1408273188 | 0.12621068954467773
4220835553 | 0.32562994956970215
5378751192 | 1.0623869895935059
7149878697 | 0.30095505714416504
7813117602 | 0.05555605888366699
4076292356 | 1.130777359008789
6771187443 | 0.8957641124725342
3191059575 | 1.4205105304718018
9609540172 | 0.02030658721923828
9664466640 | 0.6366667747497559
1238184098 | 0.9401836395263672
8491809632 | 0.035161733627319336
2670246123 | 0.8849368095397949
6377045415 | 0.04163026809692383
8394613433 | 1.0106797218322754
4917021408 | 0.29749417304992676
1683435797 | 0.8578596115112305
6084099681 | 0.34954023361206055
1607913014 | 0.1805129051208496
8102785034 | 0.8983139991760254
6780421090 | 0.6828887462615967
8040320497 | 0.4462900161743164
5253133322 | 0.5111401081085205
5831484864 | 0.607353925704956
4505697517 | 1.1102054119110107
9215279721 | 0.06022810935974121
9935480937 | 0.12905216217041016
9844883820 | 0.032926321029663086
1386192013 | 0.34247374534606934
6303225573 | 0.8531038761138916
8079161216 | 0.1253507137298584
5205610316 | 0.48716115951538086
7724961120 | 0.026787281036376953
5979995452 | 0.6374654769897461
7824161571 | 0.056632041931152344
6557419794 | 0.730374813079834
4771965884 | 0.4721689224243164
4774337340 | 0.21738958358764648
9250150430 | 0.6069033145904541
8161576859 | 0.2917466163635254
9265363387 | 0.14597034454345703
8439345456 | 0.33233141899108887
2537322121 | 0.8072621822357178
8726901441 | 0.03484153747558594
4083494982 | 0.4737579822540283
5785473695 | 0.8417081832885742
8605646769 | 0.22438573837280273
5320456163 | 0.7250733375549316
2130720246 | 0.03561687469482422
9906938647 | 0.7353036403656006
3881865238 | 1.3164875507354736
3961828202 | 0.9835371971130371
4328393669 | 0.18816924095153809
6809933974 | 0.7652010917663574
7409142457 | 0.3825087547302246
1071568490 | 0.42860841751098633
1788695033 | 0.266646146774292
9507785586 | 1.3251492977142334
4794006301 | 0.3132338523864746
8020861385 | 0.1465926170349121
9769754670 | 0.5308194160461426
6156234830 | 1.0015008449554443
7117821110 | 1.6178596019744873
2370100879 | 0.4006764888763428
5718802025 | 0.6868886947631836
8942209083 | 0.31928181648254395
5546127186 | 0.8399026393890381
1022634476 | 0.07482695579528809
7608644649 | 0.7844061851501465
4482828212 | 0.4650239944458008
4005899095 | 0.3535494804382324
1077447253 | 1.1637814044952393
9959789009 | 0.933100700378418
8695335204 | 1.1903364658355713
3334457512 | 0.8996262550354004
4364428476 | 0.3811674118041992
1812017918 | 0.32964158058166504
4213152676 | 0.26357102394104004
8512989802 | 0.5410974025726318
6788353317 | 0.0419003963470459
7518767349 | 1.2083115577697754
2190070468 | 0.2724032402038574
4160710051 | 0.14769411087036133
1150622145 | 3.5468389987945557
2014767187 | 1.0308036804199219
6268226270 | 0.6826879978179932
2669642417 | 0.6876208782196045
3907102088 | 0.7406084537506104
3095617106 | 0.7795791625976562
1639221071 | 0.018802404403686523
4720179773 | 0.27301645278930664
8756147363 | 1.311650037765503
4312030537 | 1.4648761749267578
3067451965 | 1.7120320796966553
4380062041 | 0.6443920135498047
1828610747 | 1.0523266792297363
9016101695 | 0.9552936553955078
5107252196 | 0.9706497192382812
6309675703 | 0.018871784210205078
5665077536 | 0.022785425186157227
5332901066 | 0.11039853096008301
7420435466 | 1.3101105690002441
2034588997 | 0.14996027946472168
1155570610 | 0.024641752243041992
9902486229 | 1.4802420139312744
2427149682 | 0.8117694854736328
9817684038 | 1.0148775577545166
6533027417 | 0.1701200008392334
7015440995 | 0.9412331581115723
1350655522 | 0.8450987339019775
3274337669 | 1.4649274349212646
3368983888 | 0.7907133102416992
4495718928 | 0.6570160388946533
5270093131 | 1.264530897140503
2695017967 | 0.8124182224273682
9508332546 | 0.30208849906921387
8373515061 | 3.0540292263031006
4635603058 | 0.5658657550811768
6023265692 | 0.21475553512573242
4366496034 | 0.11993169784545898
6152262200 | 0.3685741424560547
5707296564 | 0.30256128311157227
6847679805 | 1.1672513484954834
2115350616 | 0.024648666381835938
5669846517 | 0.9587059020996094
1683318177 | 0.5880186557769775
5166470105 | 0.03478503227233887
9028844517 | 2.9590651988983154
6138257087 | 0.4347677230834961
3055199527 | 0.7205824851989746
1626439113 | 0.2364635467529297
8132932213 | 0.38629698753356934
3180341511 | 0.7354917526245117
8678371419 | 0.23219680786132812
2770635960 | 0.03361868858337402
2676452930 | 0.15860939025878906
5078567756 | 1.0612664222717285
1319956490 | 0.1328136920928955
6026472923 | 0.14945030212402344
6198168987 | 0.1142573356628418
8290849470 | 0.8092257976531982
6396241030 | 1.106299638748169
5231669837 | 0.4234781265258789
9516132209 | 2.3249809741973877
3724404482 | 0.5545530319213867
8339614890 | 1.0458266735076904
1677589978 | 0.23146986961364746
1779664835 | 0.2293534278869629
9757928076 | 1.2861764430999756
2669175262 | 0.6724996566772461
7746751401 | 0.5866622924804688
8201408047 | 2.228560447692871
1623575956 | 0.2416231632232666
7841112202 | 0.3043527603149414
1362323559 | 0.9139831066131592
1044091951 | 0.02206730842590332
4043609162 | 0.26766133308410645
6494246152 | 0.462294340133667
9894716446 | 0.17194271087646484
8934471036 | 1.7678790092468262
4897498481 | 0.5844540596008301
8512273402 | 0.3935246467590332
4263742941 | 0.2405843734741211
5893284159 | 0.7562267780303955
4222227686 | 0.15623807907104492
4863364633 | 0.384183406829834
8718903889 | 1.225243330001831
4031227089 | 0.11919498443603516
4423790244 | 0.19315147399902344
8233457221 | 0.6031267642974854
9049280861 | 0.5791051387786865
1707399142 | 0.24076604843139648
1141883054 | 0.29704833030700684
5016083215 | 0.526374340057373
9333366816 | 0.04482078552246094
4964554490 | 1.0881905555725098
4956716773 | 0.9848110675811768
6276681516 | 0.07267260551452637
2182541701 | 0.021747827529907227
4904201176 | 0.17828035354614258
7695260631 | 0.23485517501831055
5185746920 | 0.10859870910644531
3945875683 | 0.15503382682800293
3672294547 | 1.2751493453979492
3848900183 | 1.4103243350982666
2687812379 | 0.8083553314208984
5275154533 | 0.5807459354400635
3026818629 | 0.051476240158081055
1922287440 | 1.0183634757995605
2647573955 | 0.08383917808532715
1854914523 | 0.48637819290161133
6196172179 | 0.3839375972747803
1450035734 | 0.82015061378479
8487859174 | 0.8605968952178955
4355751116 | 0.14765095710754395
8257961802 | 0.5241901874542236
3318698411 | 0.03478240966796875
3485080992 | 0.5986065864562988
2291885780 | 0.921750545501709
8626216222 | 0.1637740135192871
8944776077 | 0.4636685848236084
5008853342 | 1.5017797946929932
7689931265 | 0.5958545207977295
6318719117 | 0.3153715133666992
5678490357 | 0.41707563400268555
8380085134 | 0.9731125831604004
4750397823 | 0.6852867603302002
4509681043 | 1.3396081924438477
9458613214 | 1.0214025974273682
3449104494 | 0.12264585494995117
6516996004 | 1.2509896755218506
4537676133 | 0.16912150382995605
9761932639 | 0.9406793117523193
9622862950 | 0.29622697830200195
9370372941 | 0.23320794105529785
4702590726 | 0.7212696075439453
8582807913 | 0.10396099090576172
1262021849 | 0.3034055233001709
1649375198 | 0.5098035335540771
4399970969 | 0.17824196815490723
7781108101 | 0.8490633964538574
9560085344 | 1.0781803131103516
8453861066 | 1.9963948726654053
8972566170 | 0.4731450080871582
4147848983 | 0.701956033706665
6816977355 | 0.5586051940917969
1623543121 | 0.3397073745727539
5023524823 | 0.4828946590423584
2992656906 | 0.019724130630493164
4311017926 | 1.2033143043518066
5331846373 | 1.2870478630065918
4825481812 | 0.08535075187683105
9749984970 | 0.06528162956237793
4289804999 | 0.49796557426452637
3660789103 | 1.024479866027832
8898014584 | 0.7169194221496582
5937099803 | 0.4248182773590088
6866118806 | 1.285355567932129
9610933583 | 0.27458786964416504
5692981930 | 0.3753786087036133
8596717920 | 1.282973051071167
2387848912 | 0.5545175075531006
4129031829 | 0.3451220989227295
9041104972 | 1.1300175189971924
6538703457 | 2.0811057090759277
7194890241 | 1.1641013622283936
4516548870 | 2.5510036945343018
3219304318 | 0.030441761016845703
1025856365 | 0.2307586669921875
1430296988 | 0.24968552589416504
1768853125 | 0.7469522953033447
7142776375 | 0.027431011199951172
9091103035 | 0.7712030410766602
6361349087 | 0.23505234718322754
3308170640 | 0.03167080879211426
7910116898 | 0.38889026641845703
2396409412 | 0.14837145805358887
2579749318 | 0.6837015151977539
4156677911 | 0.01872420310974121
1009040181 | 0.5900475978851318
2397242968 | 0.7792954444885254
6779353758 | 0.05560946464538574
5935222286 | 0.4349396228790283
3141407025 | 0.6872425079345703
2047406597 | 0.14686012268066406
6969999482 | 0.5171761512756348
6049159254 | 0.6287040710449219
3341968600 | 1.2085328102111816
4679107741 | 1.0031955242156982
8901900344 | 0.4676089286804199
4429920227 | 0.3395254611968994
3930821969 | 1.40669846534729
9801206094 | 0.4571375846862793
3948690203 | 0.5191831588745117
2766322217 | 1.2047626972198486
1156469135 | 1.6419780254364014
4448242358 | 0.704077959060669
2359661691 | 0.03173232078552246
8126206440 | 0.956183910369873
2597568891 | 0.7042090892791748
3935683361 | 0.22646141052246094
7890948308 | 1.224813461303711
9334304556 | 0.45023250579833984
2015665382 | 1.8745596408843994
8334998721 | 0.7096643447875977
3312833279 | 1.5918025970458984
9089473774 | 1.2928802967071533
4413987100 | 0.3074967861175537
4850171701 | 0.9192163944244385
7430346693 | 0.30525684356689453
1060820568 | 0.023955821990966797
6759974641 | 1.6205296516418457
2151935690 | 0.3222236633300781
7651354431 | 0.03497886657714844
5808312587 | 0.3368678092956543
1884322559 | 0.6759536266326904
8836458983 | 0.05287361145019531
8970386289 | 0.09046745300292969
9718974185 | 0.03767061233520508
5810172085 | 0.09534430503845215
7390683275 | 0.28354692459106445
4810921114 | 0.9477529525756836
5248989475 | 0.46428370475769043
8122419342 | 0.22275233268737793
5076539303 | 0.5013670921325684
3008979395 | 0.3635990619659424
9937483214 | 0.9438421726226807
8745337959 | 0.8217720985412598
8601589812 | 0.5326623916625977
1325181042 | 0.34887099266052246
6615175558 | 0.585860013961792
6369325170 | 0.681272029876709
5374540208 | 0.029091596603393555
9039005375 | 0.2750663757324219
6105768452 | 0.20288968086242676
7172201745 | 0.5562176704406738
1885825380 | 0.0225374698638916
7768737579 | 0.03453874588012695
2607851218 | 2.09005069732666
6123561476 | 0.7293300628662109
1916366376 | 0.9161677360534668
9560938490 | 0.053270816802978516
2930214360 | 0.12350869178771973
1376751091 | 1.3689384460449219
2843470227 | 1.0927009582519531
2331716506 | 0.42693209648132324
7951479807 | 0.6571395397186279
9512442070 | 1.3956186771392822
3215410532 | 0.03608202934265137
1795112777 | 0.4006626605987549
1000039149 | 0.633624792098999
5516851414 | 0.1168508529663086
6386852058 | 1.3531837463378906
7985239023 | 0.05124473571777344
1235283201 | 0.6407780647277832
2091303993 | 0.2617337703704834
5666822559 | 0.14190292358398438
8292981630 | 1.9540789127349854
8172269632 | 0.6885080337524414
1861800313 | 0.44788575172424316
4473864393 | 0.42363882064819336
9175743944 | 1.0086536407470703
3844499983 | 0.6942594051361084
3414432646 | 0.6706883907318115
8148139079 | 0.1797170639038086
6608719159 | 1.0536208152770996
8008521811 | 1.1295561790466309
8006401210 | 0.7423746585845947
2750318288 | 0.8115971088409424
5023620119 | 0.7619247436523438
3016726695 | 0.17320585250854492
4233554567 | 1.0481390953063965
4971740846 | 0.6570422649383545
1038577404 | 0.26493358612060547
1651401088 | 0.24129724502563477
3504722448 | 0.08776497840881348
4854211820 | 0.03799748420715332
5214690960 | 1.581355333328247
2727441023 | 0.2996394634246826
7959987722 | 0.6221668720245361
6499247200 | 1.184311866760254
7351845631 | 0.575324535369873
2114784449 | 0.6037583351135254
2418059976 | 0.22628068923950195
3220880722 | 1.5244526863098145
2810579166 | 0.48235511779785156
3292151179 | 0.3184089660644531
7783444440 | 0.7529165744781494
3001192472 | 1.1640253067016602
7990503193 | 0.8775568008422852
3138900048 | 0.20792150497436523
1671497385 | 0.16652703285217285
2808143650 | 0.17847919464111328
2232006718 | 0.13697266578674316
9370021931 | 0.4021492004394531
6851855291 | 0.021744966506958008
3687010968 | 0.7411391735076904
1772039598 | 0.250624418258667
2677299901 | 1.9824471473693848
3921499730 | 0.3410923480987549
7717062627 | 0.021178245544433594
9775226092 | 0.9073069095611572
5650697521 | 0.12024497985839844
6370018245 | 0.036499738693237305
5336264683 | 0.5855522155761719
9522565848 | 1.5354321002960205
4873387839 | 0.050933837890625
2740330613 | 0.26408982276916504
8387324852 | 0.022572994232177734
3518956261 | 1.6898541450500488
1242506257 | 1.4133384227752686
7415661607 | 0.326399564743042
6298354057 | 0.856940746307373
6782385873 | 0.22304511070251465
8815442229 | 0.38022422790527344
8344942023 | 1.2806308269500732
1459229114 | 1.0686769485473633
5689166090 | 0.2244727611541748
5916833472 | 0.8328242301940918
3568522065 | 1.2191920280456543
6952288749 | 1.3530511856079102
8132493631 | 0.49977564811706543
8988067122 | 1.1956405639648438
1882847437 | 0.8233418464660645
3758680115 | 0.14935874938964844
3877218932 | 0.9410719871520996
1751743568 | 0.9855508804321289
3873740935 | 0.28479528427124023
2505056168 | 0.7946631908416748
9474277269 | 0.6301648616790771
4760262455 | 0.6516323089599609
8676970186 | 0.710735559463501
1862479329 | 0.22197318077087402
2952496812 | 0.28961682319641113
9810626756 | 0.4831068515777588
6109240998 | 0.03477215766906738
3053114271 | 0.6762752532958984
7868476269 | 0.4838712215423584
7929742833 | 0.2425251007080078
7449029874 | 0.37518835067749023
3400904260 | 0.11409473419189453
9775347347 | 1.1679096221923828
5505243107 | 0.5405964851379395
3178158336 | 0.47733616828918457
4439213620 | 2.2289676666259766
4932561297 | 1.5430188179016113
6701389133 | 0.2904355525970459
9185742411 | 1.3082866668701172
3561348271 | 0.44083094596862793
6333702541 | 1.8991692066192627
2325868718 | 1.6543140411376953
7354448087 | 1.3420488834381104
2536364961 | 0.7654907703399658
7545528913 | 0.057775259017944336
6434659342 | 0.06284904479980469
1759214617 | 1.2212793827056885
5762829920 | 0.11140203475952148
8388331185 | 2.0578887462615967
8767738495 | 0.5485475063323975
8936521156 | 1.2598743438720703
6019914856 | 0.12635397911071777
1790856069 | 0.027840137481689453
4337608644 | 0.5132322311401367
9823467526 | 0.20666074752807617
7414560594 | 0.10848832130432129
2972309073 | 0.8699898719787598
8820183822 | 0.2899022102355957
6603679840 | 0.19049763679504395
3869547227 | 1.2673163414001465
9941532902 | 1.4308838844299316
4519786621 | 1.3420698642730713
8712006205 | 0.34404826164245605
5049342654 | 0.9230341911315918
8151932674 | 0.8431379795074463
9999447644 | 1.0450007915496826
9157415144 | 0.2987101078033447
1056502431 | 0.07289814949035645
6876318699 | 0.29253625869750977
6834037628 | 0.11037158966064453
8708605730 | 0.4755284786224365
1888570860 | 0.8775811195373535
4775977913 | 0.015479564666748047
5167072238 | 1.270463228225708
7406875966 | 0.5153050422668457
7832899920 | 0.8394496440887451
6368339021 | 0.9296090602874756
3402698258 | 0.0881345272064209
8939813340 | 3.325315475463867
4062798336 | 0.772228479385376
3969110111 | 0.41905879974365234
2176846041 | 0.4551107883453369
3467168808 | 0.5900559425354004
9044859814 | 0.6005268096923828
5832429021 | 0.9324436187744141
3718513776 | 0.1114192008972168
3923537229 | 0.1143944263458252
7649452707 | 0.2813894748687744
5968148048 | 0.9555370807647705
7385053674 | 0.020711421966552734
1479022548 | 1.6364655494689941
2673375982 | 1.0152475833892822
5472084428 | 0.19679474830627441
7894097714 | 0.8641109466552734
2799255621 | 0.6888892650604248
6280077040 | 0.3208808898925781
1680175682 | 0.7647011280059814
5439254575 | 0.5591707229614258
1130693885 | 0.025575876235961914
5825170138 | 0.0841672420501709
2196759297 | 0.07506656646728516
5856056251 | 0.19571542739868164
7509076718 | 1.490870714187622
5669265474 | 0.78590989112854
9893496253 | 0.031620025634765625
5583056584 | 1.349745512008667
8927238749 | 0.6997599601745605
5366643140 | 0.0399782657623291
6313489351 | 1.1420435905456543
5523250814 | 0.22481036186218262
1626540140 | 0.21471381187438965
9997553628 | 0.7393193244934082
5786633094 | 0.22235345840454102
2844050363 | 0.5696709156036377
4873865134 | 0.12093997001647949
3609673947 | 0.03111100196838379
4113825224 | 1.1795406341552734
4407822598 | 0.058571577072143555
1719302223 | 0.8532350063323975
7160059996 | 0.030649423599243164
7561310199 | 0.2179558277130127
9017319164 | 0.4340476989746094
8735045492 | 1.1438219547271729
6447710735 | 0.5985102653503418
8126614219 | 0.19868683815002441
7235108640 | 0.5389068126678467
8685364044 | 0.05157279968261719
9217004827 | 0.9245386123657227
3122334422 | 1.2184114456176758
5188318545 | 1.357245683670044
3292936437 | 1.016625165939331
2382769034 | 0.08447670936584473
3417260375 | 1.1760337352752686
8477797459 | 0.8604114055633545
3980018079 | 0.09672284126281738
3521841563 | 0.023799419403076172
5193770444 | 0.03342413902282715
2663836786 | 0.6266336441040039
9855037731 | 0.044455766677856445
9449614342 | 0.5953023433685303
3719456663 | 0.9936151504516602
6980993918 | 0.024166584014892578
7575711480 | 0.10499691963195801
9290115797 | 1.1026301383972168
2323945229 | 0.22200298309326172
8407314778 | 1.806812047958374
1377654757 | 0.13958001136779785
4524999478 | 1.4159088134765625
8399041306 | 0.16234707832336426
8553283791 | 0.2221207618713379
7499773063 | 0.22625494003295898
4670036132 | 0.05363130569458008
2499405899 | 0.5542261600494385
7108288622 | 0.12176012992858887
9011222396 | 1.013498306274414
6205326950 | 0.12215566635131836
3834240108 | 1.2386200428009033
3651198244 | 0.7492654323577881
7728988274 | 0.44234180450439453
4100569802 | 0.03317999839782715
4021916378 | 0.035311222076416016
4202873160 | 1.1659550666809082
9632506815 | 1.2306461334228516
3811679925 | 0.05730009078979492
9766384952 | 0.45980286598205566
1077172986 | 0.6920042037963867
1555193289 | 0.44151830673217773
1575518023 | 1.027376413345337
3249933266 | 0.022129535675048828
7270037622 | 0.026695966720581055
8842534959 | 0.1849231719970703
5408297481 | 0.4287552833557129
2816885258 | 0.12616991996765137
2332764583 | 1.1611833572387695
7559348637 | 0.05434370040893555
8847220882 | 0.8982906341552734
8755124162 | 0.8995270729064941
1202696506 | 0.17168784141540527
3858243598 | 0.24541974067687988
5005945440 | 1.8741743564605713
3352666976 | 0.8080594539642334
5000598540 | 1.1180133819580078
6597181325 | 0.05681157112121582
8806034305 | 0.7876698970794678
7445665163 | 0.11302995681762695
8629059574 | 1.2899854183197021
1410884414 | 1.0689072608947754
6068896355 | 0.9990854263305664
1573273108 | 0.7032351493835449
1728361729 | 0.022175073623657227
6313719702 | 1.047323226928711
5506944426 | 0.32418060302734375
2959275506 | 0.24512982368469238
8685259795 | 0.7883090972900391
9057397018 | 0.7761402130126953
6508609198 | 1.0385494232177734
6909570423 | 0.9113538265228271
2909925591 | 0.15562105178833008
4195794085 | 0.5892879962921143
5662293745 | 0.02919602394104004
7335380055 | 0.5308072566986084
3938218927 | 1.0966107845306396
7202770699 | 2.6946282386779785
4021864593 | 0.2625267505645752
1453401216 | 0.12323594093322754
2871265548 | 0.7177648544311523
5139572209 | 0.7582180500030518
3617829944 | 0.975738525390625
8273736710 | 1.5539531707763672
8051178624 | 1.2806439399719238
8945216641 | 0.42324233055114746
2865000487 | 1.5784451961517334
6280785680 | 0.48152995109558105
6271032409 | 0.48672032356262207
1035054153 | 0.6011686325073242
8802990069 | 0.8627138137817383
2498880583 | 1.4474408626556396
2750146336 | 0.7560832500457764
3457092294 | 0.10935664176940918
7260389809 | 0.699570894241333
3426718613 | 0.6979568004608154
6418583504 | 0.6661570072174072
7504405993 | 0.4527571201324463
7524885099 | 0.8423845767974854
9845784920 | 0.5736804008483887
4211648019 | 0.6019892692565918
1796739491 | 0.825258731842041
8325179908 | 0.4148292541503906
8231410480 | 0.46315956115722656
5877116671 | 0.5379018783569336
4953010432 | 0.3928217887878418
9299095730 | 0.678861141204834
2391519889 | 0.2801229953765869
2719621466 | 0.8718485832214355
1260522701 | 0.9729518890380859
9085816392 | 0.7905433177947998
5042611788 | 0.5399637222290039
4762681519 | 0.18558502197265625
3756406424 | 0.41873788833618164
1289987299 | 0.12999510765075684
5420230393 | 0.6242821216583252
2540965279 | 0.13641881942749023
3682680085 | 0.23001408576965332
4890536532 | 0.019957780838012695
7885569320 | 0.5503475666046143
3679141158 | 1.9336915016174316
8888331009 | 0.6561264991760254
1436453382 | 0.7826564311981201
6859856472 | 0.36670517921447754
1257685736 | 0.6514565944671631
4619660694 | 0.16329383850097656
6294006600 | 0.2770814895629883
8310052197 | 0.20836162567138672
3393202562 | 1.1074204444885254
6781308746 | 2.3003287315368652
5816982267 | 1.1719589233398438
2264732882 | 0.9098899364471436
2440348874 | 0.05076718330383301
2081211904 | 1.5478432178497314
5250661175 | 1.9155638217926025
4047177230 | 0.9612364768981934
2939559133 | 0.05363893508911133
3323228145 | 0.03419017791748047
7348715579 | 1.0542418956756592
1214004098 | 0.8634417057037354
2159654621 | 0.3673586845397949
6457150728 | 0.9122757911682129
1050100899 | 0.417910099029541
1483353584 | 0.9291751384735107
9267360223 | 0.6710381507873535
4568667194 | 0.295989990234375
6388866661 | 0.7620670795440674
1135324635 | 1.9506244659423828
5584421777 | 1.084986686706543
7393563588 | 0.017628908157348633
3771090336 | 0.33257579803466797
6549450763 | 0.9546160697937012
9791842658 | 0.8276798725128174
3956307246 | 0.40514159202575684
6750941933 | 0.07259559631347656
9025409935 | 1.4985978603363037
8558450004 | 1.079988718032837
8893560793 | 0.41638994216918945
8244353678 | 0.35944461822509766
3774003070 | 0.5291376113891602
7301264445 | 1.2754502296447754
8172438594 | 0.1883225440979004
5759336984 | 0.47374391555786133
1345587999 | 0.2168879508972168
1265244796 | 0.267855167388916
7317670876 | 0.962256669998169
3335607444 | 0.41088056564331055
8398634640 | 0.31121397018432617
3243574473 | 0.09740161895751953
4630037326 | 0.08993411064147949
7169086721 | 0.21709680557250977
5603134044 | 0.7874596118927002
7506709288 | 0.026782989501953125
6098943388 | 1.4503283500671387
8027433347 | 0.10965418815612793
2093880967 | 0.5946760177612305
2159960349 | 0.45681095123291016
4269294853 | 1.0999126434326172
4019936282 | 1.0467939376831055
4136231236 | 0.3381836414337158
6262249813 | 1.072493076324463
9909284014 | 0.024027585983276367
1456782017 | 0.028679609298706055
4459771620 | 0.49187493324279785
8263934842 | 0.6992731094360352
9549170266 | 0.15360498428344727
4991709319 | 0.8225367069244385
7509639715 | 0.3498406410217285
4226656983 | 0.938239336013794
4910697113 | 2.2331671714782715
8142022319 | 0.9019510746002197
1749293159 | 0.02185201644897461
1153476894 | 1.1438708305358887
7447306405 | 0.1779477596282959
3390102215 | 0.45968103408813477
6443307446 | 1.4052581787109375
6259830143 | 0.37294578552246094
3085590074 | 0.7596476078033447
5226485228 | 1.8901402950286865
5630859029 | 0.4992687702178955
4184523014 | 1.081589937210083
3968659970 | 0.23968911170959473
4659676291 | 0.602301836013794
6367074797 | 0.03355693817138672
6504314513 | 0.9125339984893799
7080377034 | 1.8635637760162354
2790026634 | 1.1860408782958984
4177894267 | 1.007382869720459
9800633274 | 1.2041466236114502
3267027076 | 0.23069381713867188
7177849258 | 0.7037258148193359
1167003411 | 0.07358694076538086
8892214507 | 0.08015775680541992
7009187020 | 0.26534056663513184
5079042202 | 1.0750913619995117
4516952665 | 0.7004735469818115
4892019230 | 0.29706430435180664
3628059847 | 1.2564947605133057
8388108719 | 1.4750940799713135
1755299735 | 0.8088572025299072
4044169355 | 1.1591029167175293
1983266921 | 0.9102168083190918
8160517910 | 1.360138177871704
2329330265 | 0.42862462997436523
5826466687 | 1.429945468902588
1504573478 | 0.4597964286804199
1203522587 | 0.36422038078308105
4441287303 | 0.3513984680175781
8261786392 | 0.5135796070098877
7124719459 | 0.8221478462219238
5404981460 | 0.16299962997436523
4515330680 | 0.26589441299438477
7459748277 | 1.9831902980804443
1556793106 | 0.13582229614257812
7814405518 | 0.03255486488342285
9105883623 | 0.03461408615112305
1252368459 | 0.4861736297607422
5996599980 | 0.19916200637817383
5257745738 | 0.2357802391052246
6494174287 | 0.5082087516784668
3454849864 | 1.7981340885162354
9317076290 | 1.7095012664794922
1218066947 | 1.2470316886901855
4575018791 | 1.233717441558838
8940518887 | 0.3340282440185547
9311450318 | 0.47843384742736816
1545130215 | 0.5226876735687256
2190328725 | 0.25221705436706543
1351596580 | 0.1706843376159668
4376910836 | 0.2095332145690918
1065179930 | 0.1338481903076172
3408659099 | 1.2296984195709229
9674924644 | 0.13840341567993164
4410237020 | 0.34320831298828125
6798215977 | 0.12143659591674805
7832244482 | 1.1774697303771973
5157536012 | 0.5322201251983643
4098683692 | 0.06994819641113281
3627919103 | 0.5944383144378662
7763285510 | 0.4069249629974365
9304284008 | 0.6139569282531738
9052789897 | 0.37160825729370117
4428350257 | 1.4071695804595947
2245868102 | 0.5152797698974609
1338960875 | 0.3890218734741211
5015389290 | 0.49329161643981934
5888848068 | 0.6901407241821289
2651670226 | 0.14773797988891602
9595273084 | 1.0224547386169434
6464162820 | 0.02447962760925293
7893956267 | 0.05392122268676758
2463714344 | 0.20777130126953125
2769060029 | 1.1501777172088623
3069905008 | 0.6976890563964844
9704346841 | 0.8873531818389893
6226182804 | 0.025003433227539062
4231439558 | 0.09890127182006836
8266688208 | 0.32646656036376953
5065563000 | 0.97308349609375
9302372143 | 0.19452166557312012
4397404773 | 1.7792303562164307
4688273891 | 0.13521981239318848
9873599161 | 0.4815032482147217
3746178119 | 0.25330305099487305
7789955184 | 0.8360576629638672
5866272499 | 1.997926950454712
9985526274 | 1.8950958251953125
8700064036 | 0.02463531494140625
5735085658 | 0.9619138240814209
9320245524 | 0.5553464889526367
8992303457 | 0.6583900451660156
9297118653 | 0.04727983474731445
5968026898 | 0.3847334384918213
4885538210 | 0.0395510196685791
6681248324 | 0.7431497573852539
3321224362 | 0.3954932689666748
5119706608 | 1.1729562282562256
1147938274 | 0.5501348972320557
8457719890 | 0.12645554542541504
7993539892 | 1.1336090564727783
4381267952 | 0.35469985008239746
5952826587 | 0.5467445850372314
5242485478 | 1.3195326328277588
6825386824 | 0.8672456741333008
5036010917 | 0.32259631156921387
1238895234 | 0.15966439247131348
7669623761 | 0.6130490303039551
9352198620 | 0.41980457305908203
6330721101 | 0.7604196071624756
9846624399 | 0.1742722988128662
8584487943 | 0.8075289726257324
8755618823 | 0.8546981811523438
8361592069 | 0.9301536083221436
7854303131 | 0.49681591987609863
7085540125 | 1.0085995197296143
5547842234 | 0.4088284969329834
5120579016 | 0.2535734176635742
8964496009 | 0.22395014762878418
1671158456 | 1.5174095630645752
7467881007 | 0.9557082653045654
2270483397 | 0.4910879135131836
6536588106 | 0.44544339179992676
2690720513 | 0.5605661869049072
3280283215 | 1.1812515258789062
1273470611 | 0.7077362537384033
7039586521 | 0.12001156806945801
9467733754 | 0.23241734504699707
1444981363 | 0.4770936965942383
5068302800 | 0.9067754745483398
3263743802 | 2.418534755706787
2571601524 | 0.7381157875061035
9968266765 | 0.7879419326782227
7522590027 | 0.24173688888549805
4651274573 | 0.6164577007293701
2968985525 | 0.2687256336212158
6307550997 | 0.08761453628540039
2311038287 | 0.25925445556640625
1821631932 | 0.42986559867858887
3000977139 | 0.5127787590026855
6900504687 | 0.36252522468566895
5475280471 | 0.3952054977416992
8327246410 | 0.8690543174743652
5774241874 | 1.764012098312378
5024569014 | 0.13181805610656738
2419665912 | 0.48722338676452637
9723218843 | 0.6336774826049805
1654788900 | 0.1640174388885498
8482020432 | 0.9748249053955078
4938094785 | 1.4465537071228027
7735149851 | 0.05433177947998047
4699807287 | 1.6764178276062012
6329665975 | 1.0851328372955322
6641118209 | 0.03058028221130371
7062984306 | 0.70731520652771
9966894061 | 0.1262226104736328
8926183521 | 2.2991185188293457
4712720521 | 1.1888055801391602
2836702976 | 0.6567161083221436
4858135029 | 0.46903085708618164
7846600702 | 0.7647304534912109
8411438020 | 0.27684855461120605
5659811830 | 1.1933414936065674
8944357971 | 0.0953989028930664
6027325935 | 0.24410104751586914
3312537469 | 0.03459000587463379
2970877275 | 0.8983111381530762
6242210326 | 0.5214517116546631
4102226462 | 0.8971476554870605
8216136670 | 0.03800797462463379
5868128822 | 0.12361931800842285
6356002549 | 0.10751008987426758
1278583328 | 0.5821752548217773
7516776856 | 0.27471280097961426
6689687438 | 1.4514362812042236
5578177230 | 0.6383109092712402
6901749004 | 0.24990367889404297
6649367245 | 0.032384395599365234
6884910284 | 1.4796109199523926
1103161047 | 1.1637766361236572
3949300580 | 0.5689892768859863
8307465486 | 0.1587538719177246
9589794957 | 0.3133811950683594
5902241419 | 0.3546111583709717
6540104734 | 1.2832775115966797
1750331194 | 0.08852434158325195
9015021563 | 0.5573575496673584
9588890552 | 1.103332281112671
3556448818 | 1.3947992324829102
3214734825 | 0.4394266605377197
4618774167 | 0.2021653652191162
5665645155 | 0.49324703216552734
3189831282 | 0.7118477821350098
9446790878 | 0.20452427864074707
2616723370 | 0.023393630981445312
4080088992 | 1.5887506008148193
5507649535 | 1.2825927734375
7656859807 | 1.632042407989502
8987812828 | 0.0270388126373291
8271670482 | 0.39395904541015625
4837790877 | 1.3735909461975098
2285395362 | 0.3028590679168701
9166993278 | 0.7170407772064209
8569131364 | 0.09741854667663574
3046333517 | 0.390763521194458
1395093660 | 0.29953789710998535
5318088380 | 0.30258727073669434
4900092721 | 0.9539051055908203
4453270944 | 0.6424722671508789
2022511784 | 0.0895233154296875
7330492409 | 0.8888950347900391
5566763681 | 0.025917530059814453
8880471556 | 0.6827614307403564
7857339904 | 0.9223527908325195
3807569718 | 1.0824294090270996
6909264753 | 0.2545938491821289
1377782992 | 1.3356571197509766
5254494422 | 0.1626415252685547
2946650569 | 0.06723642349243164
1221881487 | 0.4069216251373291
7765509377 | 0.24770617485046387
1896856156 | 1.0387442111968994
6514163966 | 0.4702143669128418
6991454406 | 0.3999960422515869
3084848002 | 0.8963658809661865
4607677262 | 0.8059737682342529
2618737548 | 1.078970193862915
3049206861 | 0.3465425968170166
1442809131 | 0.9959464073181152
6126331467 | 0.2056865692138672
8878889505 | 0.6735150814056396
9463774640 | 0.45646142959594727
5910216215 | 0.9540486335754395
6562004579 | 0.10777163505554199
2936112909 | 0.09923458099365234
5301932725 | 0.8570411205291748
8360189501 | 1.1225998401641846
5322517342 | 1.4064338207244873
5969861740 | 0.8464999198913574
6559430911 | 1.5121431350708008
5802638873 | 1.069518804550171
4876065205 | 1.389223337173462
4294755544 | 0.20375394821166992
3097214036 | 0.24382519721984863
1853842492 | 0.32030248641967773
5467477317 | 0.2581968307495117
1467555609 | 0.7720851898193359
8539716559 | 0.11882305145263672
3253474467 | 0.37891435623168945
2468871045 | 0.9110658168792725
6397130078 | 0.21608424186706543
5152274217 | 2.4435572624206543
4867207747 | 0.7602634429931641
4858734961 | 0.3754603862762451
1578574044 | 0.022629737854003906
6712288710 | 0.5430724620819092
1925310989 | 1.7017333507537842
3590472478 | 0.9388935565948486
7385636461 | 1.0683953762054443
9307051722 | 0.13939619064331055
7680812753 | 0.4976975917816162
9891135062 | 0.5639946460723877
5080292837 | 0.7342889308929443
9382973465 | 0.6735637187957764
5728336581 | 0.7358763217926025
5265832908 | 0.39803457260131836
2471183506 | 1.387885570526123
8134890955 | 0.048398494720458984
1404301596 | 0.3123965263366699
9439473018 | 1.2237975597381592
6269879159 | 0.0489811897277832
8521862451 | 0.9648027420043945
8652255910 | 0.16163897514343262
5272571235 | 0.4271070957183838
1161483270 | 0.2432849407196045
7137578372 | 0.09462451934814453
2384509239 | 0.9407482147216797
1291400348 | 0.1363368034362793
5340115549 | 0.9688591957092285
2637109530 | 0.029363155364990234
7549110148 | 0.9146063327789307
1126859164 | 0.33788251876831055
4859710443 | 0.4382212162017822
3949755234 | 0.18555450439453125
7968091586 | 0.371929407119751
3304877116 | 0.4544377326965332
6377121557 | 0.9813780784606934
5766797545 | 0.11788773536682129
5566979934 | 0.1607365608215332
5965982517 | 2.1664721965789795
9692613014 | 2.1250996589660645
4191407595 | 0.3517019748687744
1591676744 | 1.3808863162994385
6159409031 | 1.213379144668579
9342491881 | 1.1274662017822266
3464005711 | 0.3476090431213379
9843379309 | 0.41376805305480957
1856496153 | 1.1837506294250488
2359478759 | 0.511845588684082
7219561630 | 0.6910674571990967
5677038416 | 0.10733819007873535
4058906183 | 0.6958663463592529
3393411198 | 1.2682206630706787
9152067583 | 0.6369166374206543
4267143654 | 0.6422951221466064
5057464595 | 0.43253278732299805
1583454438 | 1.107489824295044
2709712306 | 1.3215315341949463
5414496974 | 0.07553696632385254
4858425069 | 0.3938252925872803
5088587008 | 3.120673656463623
8220237952 | 1.5085437297821045
3624416278 | 0.048529863357543945
7943586505 | 0.12608742713928223
7848774323 | 0.48299455642700195
6450517559 | 1.1236867904663086
4189028407 | 0.6813993453979492
8400204100 | 0.0855703353881836
8069433222 | 0.8756313323974609
4273294649 | 0.1621088981628418
1011801631 | 0.6976413726806641
6038777013 | 0.24306774139404297
4186583130 | 0.27281785011291504
4458867135 | 0.3563661575317383
8426994826 | 0.5041201114654541
1480418501 | 0.15177702903747559
6605324904 | 1.165215015411377
7062055724 | 0.9733388423919678
2848524416 | 1.9944112300872803
9904348311 | 0.4451913833618164
8613872516 | 0.9125421047210693
6844015591 | 0.02560734748840332
7255340758 | 0.2182168960571289
6488157967 | 0.9793257713317871
2085343857 | 1.1072120666503906
2094227116 | 0.29367518424987793
7489395050 | 0.3017539978027344
1071572027 | 0.20467805862426758
8013716120 | 0.6326663494110107
8142360996 | 0.17332077026367188
6790249946 | 0.467693567276001
1736595819 | 1.9961910247802734
3339313896 | 1.1532809734344482
8721709804 | 0.862220048904419
9081352446 | 0.10810565948486328
4771199405 | 0.1944565773010254
2494219771 | 0.27640771865844727
2042426881 | 0.024724245071411133
1138528287 | 0.3021225929260254
8685651403 | 1.0732226371765137
4197674308 | 0.5411431789398193
3781474985 | 0.47000885009765625
1937399815 | 0.2657582759857178
6021097031 | 0.05897235870361328
7886092057 | 1.7049710750579834
1598298377 | 0.4919121265411377
2304186675 | 0.019798755645751953
3972187552 | 0.42107653617858887
6459415411 | 0.2505168914794922
8506186853 | 2.2141849994659424
4157364253 | 0.5897750854492188
2263055064 | 0.13455438613891602
2992175402 | 0.8355391025543213
4220328030 | 1.0323119163513184
4985674336 | 1.2719337940216064
5903508391 | 0.34793543815612793
8983451482 | 0.6216545104980469
8324042652 | 1.2774379253387451
4099909525 | 0.7871379852294922
4804379831 | 0.06390619277954102
9917753009 | 0.6433179378509521
9473099624 | 0.9531443119049072
3176557985 | 0.5101006031036377
2308253161 | 0.026645421981811523
1908847319 | 0.3732001781463623
1125941872 | 1.439030408859253
3482374018 | 0.8543305397033691
8603306424 | 0.8248474597930908
7267791360 | 1.4556517601013184
9550336141 | 0.5071640014648438
8182540516 | 0.4019913673400879
5972787797 | 0.6528172492980957
5231246226 | 1.0292091369628906
9459483970 | 1.0748250484466553
4080704009 | 0.915966272354126
8152522383 | 0.7540109157562256
8183342181 | 0.5722336769104004
5486364261 | 1.240006923675537
7730545610 | 0.3461434841156006
9883395900 | 0.29607415199279785
9400418728 | 0.02593541145324707
8467217983 | 0.06551647186279297
6230608581 | 0.38101816177368164
9512532833 | 0.2731964588165283
6263328662 | 0.5802342891693115
3322918834 | 0.03729581832885742
4804015438 | 0.25155138969421387
5505064510 | 0.940209150314331
3930630351 | 0.9042317867279053
6554516506 | 0.6576747894287109
6481965044 | 0.7007608413696289
6963257093 | 1.2226178646087646
4285847863 | 1.6804420948028564
2021328682 | 0.03341531753540039
6017965720 | 0.6218349933624268
3462296569 | 0.05474209785461426
2347435901 | 0.19770073890686035
3662096173 | 0.5812532901763916
9332993530 | 0.3312675952911377
4612904917 | 0.3944578170776367
8633254952 | 0.023708105087280273
7136338732 | 0.5821733474731445
9017342081 | 1.020111083984375
3863728808 | 1.7075574398040771
9566974328 | 0.7256336212158203
1968335402 | 0.7466421127319336
8845434737 | 0.5743231773376465
1352187980 | 0.5753395557403564
6132274754 | 0.057355642318725586
8836496681 | 0.4607861042022705
8087194756 | 0.13402104377746582
9326265210 | 1.1406993865966797
4415478038 | 0.7295346260070801
8184113635 | 0.7024462223052979
2557162103 | 0.6335463523864746
7297066940 | 0.7169222831726074
9243764324 | 0.28901028633117676
8691228975 | 0.4824836254119873
7624243699 | 0.8695218563079834
9367191913 | 0.02941584587097168
8053296430 | 1.099883794784546
8882039784 | 0.3327367305755615
9559844734 | 2.837858200073242
8820757099 | 0.27527356147766113
1724655354 | 0.05820918083190918
3336246447 | 1.126194715499878
4624478750 | 0.39721226692199707
5642076324 | 0.7830429077148438
7909003928 | 0.0357966423034668
5785147131 | 0.17743682861328125
9542422277 | 0.14905524253845215
8559343068 | 1.194990873336792
6147688438 | 0.43859052658081055
2189963517 | 0.8133118152618408
2118535865 | 0.07336139678955078
6418225441 | 0.17571377754211426
6156346871 | 0.5806448459625244
1874197645 | 0.8975961208343506
5529612288 | 1.039311408996582
1273347130 | 0.21120381355285645
1828227761 | 0.8499805927276611
9744867812 | 0.1517932415008545
7330888357 | 0.7654120922088623
5457953358 | 1.3316268920898438
2393104249 | 0.741124153137207
1725720477 | 1.63313627243042
1561222357 | 0.9598586559295654
5600837755 | 1.0301852226257324
4097628428 | 0.9907364845275879
9822496748 | 0.5514311790466309
6803350985 | 0.8477210998535156
7958622156 | 0.1519932746887207
2769149535 | 0.3806931972503662
4296608015 | 0.07512402534484863
4075016751 | 1.144993782043457
7346021320 | 0.01648998260498047
3141538107 | 0.7852697372436523
3756584131 | 0.37586069107055664
3729264363 | 0.2723960876464844
5933180531 | 0.03397703170776367
6256986070 | 0.2785327434539795
6033470888 | 0.9760525226593018
9444049822 | 0.7277376651763916
9251032492 | 0.09168195724487305
8004302104 | 0.6057233810424805
4128799568 | 0.03067183494567871
8573115207 | 2.0882325172424316
9433822743 | 0.6085906028747559
9172264296 | 1.0130555629730225
2723964615 | 0.10366582870483398
7599586850 | 0.9261000156402588
3076513117 | 0.1963200569152832
1997517049 | 0.8963322639465332
2848746471 | 0.6069936752319336
6321877103 | 0.1658163070678711
1573321526 | 1.1225714683532715
7016943433 | 0.8729009628295898
6392206551 | 0.5808746814727783
7869920551 | 2.45320987701416
1347290828 | 0.4477980136871338
5587352909 | 0.6491799354553223
8695777307 | 0.43865442276000977
2395131089 | 0.7112395763397217
2517326763 | 0.20750093460083008
3508249853 | 1.1538112163543701
3652291267 | 0.9406816959381104
9444186518 | 0.02576589584350586
3625943100 | 6.168452739715576
8332149256 | 0.9916207790374756
3129035335 | 0.16025018692016602
6901981960 | 0.3569960594177246
7824294390 | 1.3071987628936768
1596990870 | 0.044304847717285156
5524964941 | 0.8500621318817139
2795338938 | 0.4587981700897217
1727727783 | 0.5835866928100586
4091289861 | 0.14203619956970215
8682993898 | 0.037305593490600586
4131550621 | 0.06821537017822266
4022737545 | 0.7107524871826172
8665557476 | 0.1422128677368164
2459950404 | 0.7150979042053223
6234874189 | 0.41834402084350586
6839762390 | 0.8577046394348145
3721792316 | 0.8982160091400146
6072871150 | 0.19083952903747559
8706612973 | 2.400073766708374
7509987870 | 0.6371877193450928
7961040619 | 0.5247714519500732
2448885726 | 0.9801113605499268
4363991400 | 0.21133995056152344
7639022288 | 0.27726006507873535
2397124582 | 0.8399655818939209
6711388461 | 0.6014115810394287
4869344666 | 1.0485472679138184
1624322603 | 0.1974341869354248
8400616696 | 1.5074284076690674
4366689140 | 1.5716443061828613
9573597125 | 0.48615026473999023
6630098939 | 0.8219313621520996
4941382858 | 1.4026856422424316
2581592826 | 0.7491679191589355
3700761957 | 0.38020944595336914
3752994527 | 0.031683921813964844
2339682031 | 0.5505106449127197
1309962398 | 0.12392187118530273
4632815609 | 1.717606782913208
1227992176 | 0.6144824028015137
2613136741 | 0.28018689155578613
4986427332 | 0.3111076354980469
6609160764 | 0.3751108646392822
6567055299 | 0.47912073135375977
7437031528 | 0.02956366539001465
6798446987 | 0.9125707149505615
1191548865 | 0.8778321743011475
8728025886 | 0.04639720916748047
8919772410 | 0.284592866897583
3808389533 | 0.2302844524383545
9017283723 | 0.6382560729980469
1306964718 | 0.34130334854125977
9200972337 | 1.8227591514587402
5943451837 | 1.6935632228851318
8149125292 | 0.6684222221374512
2055033359 | 0.5529932975769043
4955791965 | 0.9211935997009277
1730722633 | 0.06815218925476074
5145959839 | 0.7294914722442627
5384129275 | 1.5993611812591553
8258319725 | 0.04972553253173828
3086598896 | 0.2236638069152832
6153707672 | 0.718712329864502
7626139993 | 0.45801520347595215
2478571676 | 0.24042558670043945
3447759479 | 0.28487181663513184
1706851755 | 0.9132213592529297
2929881525 | 0.5421323776245117
9038594793 | 0.21248579025268555
6133848830 | 0.12444734573364258
8646520789 | 0.7917301654815674
7544879814 | 0.3157374858856201
6698184782 | 0.3600938320159912
6511717628 | 0.6856269836425781
6193288465 | 0.021936416625976562
6371855381 | 0.18590641021728516
5788496381 | 0.45093655586242676
9808513770 | 0.07588863372802734
6048541286 | 0.35137295722961426
3678942410 | 1.5953969955444336
7120326865 | 0.29881906509399414
2366359359 | 0.2866790294647217
5605847965 | 0.037042856216430664
9749370506 | 0.10654783248901367
2366613224 | 1.0031814575195312
2335267353 | 0.7765867710113525
4393461268 | 1.0245568752288818
4007015562 | 0.46297502517700195
7339463015 | 0.03021407127380371
1780863617 | 0.07014822959899902
8726011708 | 1.272848129272461
9311543384 | 0.14472079277038574
6509540105 | 0.040331363677978516
2403560256 | 1.3583247661590576
4124660403 | 3.659243583679199
7121701730 | 0.44362545013427734
4566204317 | 0.275665283203125
1511598885 | 0.15714621543884277
2817633320 | 0.3066534996032715
6849729318 | 0.3972001075744629
6045759707 | 0.6891992092132568
9565952236 | 0.08214330673217773
3588419822 | 0.6331088542938232
9598924439 | 1.5798232555389404
8376448992 | 1.187817096710205
7289739031 | 1.0100913047790527
8404920694 | 1.0294098854064941
3273003665 | 1.0068912506103516
6613983559 | 2.0588629245758057
1460783832 | 0.23042559623718262
6163092918 | 0.298755407333374
4172246864 | 0.8866863250732422
5167932392 | 0.5550799369812012
1690612322 | 0.41669225692749023
2173483218 | 1.5144145488739014
2191115639 | 0.031345367431640625
8575736587 | 0.48024725914001465
6348642034 | 1.2923972606658936
1370213073 | 1.037221908569336
6350389649 | 0.13688898086547852
5010902104 | 0.6778199672698975
5599410036 | 0.9577147960662842
2178571789 | 0.14664196968078613
1818430663 | 0.5844535827636719
3668499315 | 1.1357755661010742
9081573882 | 0.13704252243041992
8280022972 | 0.9352543354034424
6578399688 | 1.2678260803222656
9358168967 | 0.13254451751708984
7400765217 | 1.0616350173950195
1529405720 | 0.8427436351776123
2066252795 | 0.348341703414917
1198317556 | 0.07763409614562988
1100354080 | 0.11492586135864258
6093730014 | 1.0899999141693115
9846924263 | 0.7422308921813965
9451298120 | 0.17761778831481934
5251569285 | 0.408339262008667
4565885857 | 0.3354620933532715
7100692138 | 0.5921063423156738
7209748548 | 0.8131999969482422
9561003691 | 0.1366102695465088
3899117191 | 1.0204956531524658
1341680961 | 0.6975178718566895
1936240416 | 0.2148909568786621
2550425867 | 0.672356367111206
9130671188 | 1.1051750183105469
8451481708 | 1.4064152240753174
4241496304 | 0.295762300491333
4875126477 | 0.9298655986785889
7663243235 | 0.19233322143554688
4575274379 | 0.4260227680206299
4193198341 | 0.11082649230957031
4341913499 | 0.14669275283813477
4269674066 | 1.0024354457855225
9347073686 | 1.145637035369873
9458941358 | 0.6554718017578125
6564241105 | 0.8302021026611328
5736145153 | 0.5727903842926025
2688773615 | 0.9173483848571777
8473208439 | 1.3317327499389648
8867218900 | 0.6011948585510254
9340930253 | 2.5946669578552246
5740565702 | 1.2327549457550049
7991511706 | 0.37505626678466797
8526783015 | 0.1637742519378662
6161826341 | 0.5024070739746094
8125609953 | 0.13479399681091309
1825632157 | 0.5507516860961914
7628208072 | 0.703423261642456
7486725209 | 1.3656439781188965
1625844297 | 0.8026163578033447
7951621323 | 0.7989449501037598
3142806467 | 0.028456687927246094
8896755339 | 0.3185844421386719
5037638015 | 0.4011971950531006
7310735319 | 0.5058343410491943
5784029995 | 0.6708931922912598
6623680747 | 0.08281612396240234
4583035583 | 0.33526134490966797
1534391161 | 1.8447089195251465
2775241886 | 0.056868791580200195
3977173956 | 0.7262444496154785
5945200807 | 0.06872129440307617
3772305768 | 0.43860316276550293
5803276612 | 0.26807403564453125
8642933603 | 1.323918342590332
2232914654 | 0.23783612251281738
7429343188 | 0.649188756942749
9748652498 | 0.29131340980529785
7954213966 | 0.03603625297546387
8367678671 | 2.4141769409179688
8285562074 | 0.31682324409484863
5734077621 | 0.2335190773010254
5763049586 | 0.05497336387634277
3581987497 | 0.5446829795837402
7937541269 | 0.9102826118469238
9729722477 | 0.4677910804748535
1526465584 | 0.5339531898498535
5562744305 | 0.8082764148712158
3272363494 | 0.04217123985290527
8848341759 | 0.8754773139953613
4473352374 | 0.6799094676971436
9266014752 | 0.11544632911682129
8927366587 | 0.882183313369751
7963362299 | 0.634000301361084
6925084435 | 0.05028843879699707
1211989244 | 0.09421706199645996
6125011852 | 0.034150123596191406
9381853176 | 0.24629902839660645
9570736469 | 0.5769691467285156
9218332094 | 0.04701709747314453
3098715211 | 0.287473201751709
8074470489 | 0.45694470405578613
9232549506 | 0.32670044898986816
8243858282 | 0.17374634742736816
6540293140 | 0.7126529216766357
4068199803 | 0.02168416976928711
8375126046 | 1.2558553218841553
1647188328 | 1.0163636207580566
4597952365 | 1.264923334121704
3188591462 | 0.6734771728515625
1025995624 | 0.909332275390625
2986031392 | 0.7292182445526123
1302343189 | 1.240551471710205
3643246936 | 0.7719929218292236
9832613917 | 1.2783160209655762
8178679348 | 0.48343610763549805
4961433426 | 0.14831018447875977
1927871473 | 0.24438142776489258
9776354749 | 0.2905759811401367
3631328289 | 0.32269763946533203
2014820416 | 0.22054529190063477
1355512325 | 0.6018569469451904
5085258341 | 1.2633261680603027
9921891356 | 0.7768282890319824
1811383492 | 0.2573230266571045
4526612895 | 0.17770051956176758
9586470905 | 0.27666258811950684
8565099138 | 1.3218379020690918
2295587572 | 0.323239803314209
9685030394 | 1.1323862075805664
2301204410 | 1.345151424407959
3336181122 | 0.8815345764160156
4151914692 | 0.451934814453125
7277241468 | 0.29030275344848633
2162917710 | 0.5483052730560303
8268900914 | 0.6989650726318359
3255337049 | 0.32444071769714355
6634912184 | 0.21377253532409668
4231257533 | 0.3320629596710205
4966695429 | 0.28890013694763184
3340630740 | 0.25710368156433105
6401241155 | 1.4687862396240234
5831788080 | 0.026249170303344727
1495126593 | 0.7760581970214844
3989726958 | 0.7722227573394775
5107602120 | 0.7781500816345215
3331082297 | 0.18375515937805176
7276171324 | 0.15363025665283203
8845045257 | 0.2118527889251709
6243684898 | 1.499361276626587
3121346849 | 0.15377211570739746
1695474963 | 1.0698771476745605
3439561608 | 0.025701284408569336
9150864760 | 0.38738012313842773
8375497154 | 0.3401062488555908
3892704422 | 1.0817368030548096
5104355416 | 1.2046172618865967
6492993596 | 0.19420981407165527
3053839588 | 0.17324542999267578
1252002257 | 0.6130280494689941
5850048192 | 1.0613069534301758
6383981746 | 1.9773824214935303
1872527799 | 0.04587054252624512
6372925842 | 0.663978099822998
5065491116 | 1.1250801086425781
9625692723 | 0.5071213245391846
8368269095 | 0.03452348709106445
5596624074 | 0.4385194778442383
6435702277 | 5.8054890632629395
1662656213 | 0.6653487682342529
5745837456 | 1.3958861827850342
5927622503 | 0.9514667987823486
3860152716 | 1.1040642261505127
3153204149 | 0.6132261753082275
6922402392 | 0.24887609481811523
6009242321 | 0.4965035915374756
8886390619 | 1.3005523681640625
5402282321 | 1.1809585094451904
2444159857 | 0.5382735729217529
1618084684 | 0.05897402763366699
3914126818 | 1.1473596096038818
7439850456 | 0.06890487670898438
2540755577 | 1.3149921894073486
3241563433 | 0.5665714740753174
3903241678 | 0.06913638114929199
6003183300 | 0.8595991134643555
1441324327 | 2.0400302410125732
2105366574 | 0.5848586559295654
1615485570 | 0.5405275821685791
7986987187 | 0.1698932647705078
8901864083 | 1.0446064472198486
9382157778 | 0.6724531650543213
9130031690 | 1.434896469116211
3296789853 | 0.8144173622131348
8201727239 | 0.5215346813201904
9866591427 | 1.0742440223693848
4042315825 | 0.570103645324707
2567712392 | 0.6802735328674316
3355778066 | 0.14542675018310547
3255730885 | 0.9520206451416016
3623968000 | 0.2691159248352051
1400668817 | 0.14031338691711426
5370110933 | 0.4870438575744629
5252625904 | 0.06959223747253418
9278369010 | 1.2843623161315918
9004509136 | 0.7257933616638184
8139464768 | 0.22895336151123047
4012792989 | 0.41442203521728516
8748420034 | 0.20646166801452637
3594532697 | 0.6585469245910645
6396523177 | 0.028429031372070312
8264118441 | 0.03654980659484863
2060131526 | 0.08320260047912598
7858658002 | 0.5223925113677979
3257087639 | 0.741840124130249
4992983158 | 0.8683695793151855
3004057820 | 0.28000807762145996
3972197186 | 0.7949748039245605
3478942783 | 0.44285035133361816
7989518939 | 0.9064924716949463
8759463788 | 0.45643138885498047
7568233006 | 0.3487207889556885
5717437328 | 1.7318167686462402
7849833321 | 0.25464320182800293
3797898631 | 0.3747889995574951
2027487511 | 6.556336402893066
3829603410 | 0.41980528831481934
1688461735 | 0.5058267116546631
2922573277 | 1.453401803970337
6399494942 | 0.035041093826293945
3121974437 | 0.1967475414276123
7601531144 | 1.2312746047973633
1051504958 | 0.19290924072265625
2441104580 | 0.09003043174743652
3654790551 | 1.0325217247009277
8703059732 | 0.5919990539550781
3034950486 | 0.09885525703430176
3986326389 | 0.8890066146850586
2840919636 | 0.25157618522644043
2602763983 | 1.0396473407745361
7507501761 | 0.7500743865966797
9678993581 | 1.0593135356903076
1658493154 | 0.17010736465454102
3347236076 | 0.23886322975158691
3884653451 | 1.7935080528259277
9417324238 | 0.9742660522460938
9770896943 | 0.8024115562438965
4466588487 | 0.3361954689025879
4180926186 | 0.20012259483337402
4072484754 | 0.8102495670318604
5633083098 | 1.285487174987793
3690884900 | 0.02639317512512207
3302810131 | 0.42084240913391113
9071358810 | 1.4367928504943848
7546620358 | 1.7162392139434814
6507729264 | 1.0898876190185547
1151602272 | 1.266038179397583
9399317642 | 0.39499473571777344
1669824516 | 0.0316920280456543
6396625793 | 0.5593521595001221
8058338373 | 0.2451028823852539
5092444188 | 0.27632784843444824
3943574235 | 0.027351856231689453
8181346641 | 1.0372264385223389
1418035464 | 1.1157021522521973
8998353184 | 0.08185553550720215
9161016406 | 0.030867815017700195
7121961777 | 0.2519865036010742
4790437863 | 0.6417748928070068
9032629705 | 0.016452789306640625
1308415882 | 1.2526257038116455
9577101970 | 0.22820711135864258
2103640986 | 0.717881441116333
1898351631 | 0.18634271621704102
3366169117 | 0.0403289794921875
5490457448 | 0.9318571090698242
2889131178 | 0.11329126358032227
1737869979 | 0.939288854598999
5786560454 | 0.9770936965942383
6223764681 | 1.1033895015716553
8036731377 | 1.013000726699829
1601721674 | 1.3080317974090576
5217277994 | 1.1154990196228027
4951364400 | 0.7783365249633789
6316674625 | 0.15493559837341309
6055641306 | 0.5057291984558105
6851276318 | 0.9666934013366699
9451051554 | 0.6215968132019043
1678639380 | 0.17594146728515625
3780626522 | 0.3037428855895996
1806633659 | 0.02830791473388672
6304371488 | 0.14043664932250977
9494846771 | 0.7090721130371094
7330638975 | 0.4402141571044922
7236635718 | 0.21317577362060547
4162805081 | 0.04081988334655762
5921107732 | 0.5384521484375
8106965818 | 0.28404879570007324
5204192898 | 0.025850296020507812
7512639537 | 0.897458553314209
7533311824 | 0.12476301193237305
8328959672 | 1.0162267684936523
2378016697 | 1.2677505016326904
6701253233 | 1.6119558811187744
3238170395 | 0.6023523807525635
3436807377 | 1.4502060413360596
4902150471 | 0.05734705924987793
3967539880 | 0.7154507637023926
9208483209 | 0.21813368797302246
5777556117 | 0.9270129203796387
7035336872 | 0.3725721836090088
8300819429 | 0.41488122940063477
2173215878 | 1.5129384994506836
3965355057 | 0.09048676490783691
1062797837 | 0.17851543426513672
2807291733 | 0.44667625427246094
8909705257 | 0.5566365718841553
9381371289 | 1.6214449405670166
5838711785 | 0.5277490615844727
1891794651 | 0.7466747760772705
9397655658 | 1.2543814182281494
9730754113 | 0.36440277099609375
5047794028 | 0.10849475860595703
1793615298 | 0.03871560096740723
3911952863 | 1.0210208892822266
8711913728 | 0.6702315807342529
4471389732 | 0.5839245319366455
1938405553 | 0.5571351051330566
5752407848 | 0.09176015853881836
3186090161 | 0.0180056095123291
9207923245 | 0.2582371234893799
3433710096 | 0.022073030471801758
7462047404 | 0.23382091522216797
1475844611 | 0.6578941345214844
1494146325 | 0.029819488525390625
9603399130 | 0.686542272567749
1473929337 | 1.458414077758789
1508287843 | 2.3403737545013428
8121564714 | 0.2740795612335205
9655711578 | 2.150705575942993
6641212323 | 0.10684847831726074
8359667420 | 1.7200467586517334
6037371718 | 0.7264003753662109
5298992948 | 0.1825261116027832
5020182094 | 0.6615583896636963
1454822853 | 0.463442325592041
2711923408 | 0.4010188579559326
7266213923 | 0.22956228256225586
2711517979 | 1.0368318557739258
4937543847 | 0.8511176109313965
5102836612 | 1.672121286392212
8600560264 | 1.1236064434051514
2198521439 | 0.6608514785766602
3576169992 | 0.3748128414154053
1302211625 | 0.021386146545410156
8119623708 | 1.435610055923462
7286059702 | 0.23613429069519043
7318286735 | 0.20782232284545898
1238036370 | 0.937720775604248
1225229089 | 0.615563154220581
3124925699 | 0.749077320098877
3215731140 | 0.9170668125152588
5862840932 | 1.2889752388000488
2475221844 | 0.484468936920166
7532465195 | 0.22870516777038574
6453799462 | 1.4136452674865723
9897234049 | 1.0722506046295166
9890229500 | 0.16981053352355957
5832880770 | 0.029483795166015625
3763772639 | 0.46901893615722656
9204854779 | 1.2885403633117676
7471913975 | 0.8221867084503174
8981669331 | 1.2918026447296143
8620527998 | 2.2475504875183105
4594567861 | 0.8483057022094727
1027014311 | 0.16272711753845215
6473289203 | 0.7964422702789307
8590193968 | 0.39698314666748047
5041950078 | 0.8178632259368896
7874783550 | 1.0939252376556396
6681922960 | 0.8493375778198242
9412664559 | 0.9925656318664551
3017612578 | 0.8481762409210205
3433287248 | 0.7383203506469727
4335398958 | 0.5383152961730957
4811842230 | 1.00087308883667
5054832361 | 0.7708957195281982
4572286538 | 0.48331713676452637
5280809288 | 1.0272772312164307
7199415739 | 0.07449746131896973
9372846744 | 1.2830967903137207
5500076514 | 0.4347262382507324
3453958819 | 0.253737211227417
7775408183 | 0.2973754405975342
9208457501 | 0.399397611618042
5483624975 | 0.9070444107055664
2408237357 | 0.6477150917053223
3126430460 | 1.6588163375854492
4145798581 | 0.0331425666809082
7631764723 | 0.2740662097930908
6215661185 | 0.10684537887573242
9821203950 | 0.8358314037322998
3938384047 | 1.4139697551727295
3533169365 | 0.19147753715515137
3942744249 | 0.29349803924560547
6578179140 | 1.044112205505371
9062746698 | 0.46374011039733887
9857147347 | 0.5617778301239014
2758847050 | 0.19848060607910156
8552050634 | 0.8833308219909668
5979838052 | 0.028278112411499023
2151207267 | 0.03401684761047363
6756849603 | 0.42022705078125
6219689543 | 0.0237734317779541
6892945198 | 1.5485601425170898
2048816813 | 3.9193296432495117
1399578178 | 0.6915285587310791
6732815923 | 1.67240309715271
4835875468 | 0.7026052474975586
5059349634 | 0.5712029933929443
8295848219 | 0.7124483585357666
9859987191 | 0.2547616958618164
5500782869 | 1.003896951675415
3250439445 | 0.12397050857543945
5131585710 | 0.020906686782836914
7532989901 | 0.445204496383667
2428881934 | 0.04209780693054199
6490525756 | 0.6659789085388184
9817544058 | 1.2127203941345215
2433479771 | 0.2049696445465088
7531974303 | 0.4500701427459717
8081551715 | 1.8696634769439697
5033903825 | 0.9124181270599365
1163552718 | 1.31703519821167
3022379596 | 1.1495823860168457
4003980384 | 1.052372932434082
1227749881 | 0.657193660736084
6153832142 | 0.47119665145874023
7249155881 | 0.1349344253540039
9141164133 | 0.42072129249572754
9760822376 | 1.8292980194091797
4716187271 | 0.7208397388458252
2627066084 | 0.8053395748138428
7544540720 | 0.06279277801513672
7734333893 | 1.0165965557098389
6240108535 | 1.631312608718872
2005738927 | 0.7325170040130615
6933859616 | 0.20463323593139648
2208882347 | 0.6683666706085205
3925711497 | 0.6868247985839844
1971911623 | 0.4729290008544922
1760006978 | 1.8131990432739258
3290875339 | 0.03409719467163086
6958953101 | 1.886979341506958
7833218133 | 0.7157399654388428
4294211449 | 0.24685072898864746
1147187187 | 0.020962953567504883
5345834968 | 0.029970884323120117
5356176460 | 0.7094237804412842
3478192245 | 0.6380496025085449
3883863090 | 0.6820337772369385
9528669766 | 1.5762650966644287
4783931838 | 0.5902152061462402
3602928246 | 0.5079123973846436
6594723731 | 0.4268958568572998
1696841672 | 0.2057812213897705
5426093027 | 0.0312044620513916
9725982905 | 0.1914052963256836
8734331027 | 0.7140662670135498
6679444074 | 0.13607120513916016
9798299624 | 1.5248603820800781
6161269108 | 0.6985950469970703
4535066324 | 0.30164146423339844
6999641609 | 0.5607411861419678
2969344321 | 0.8687529563903809
5048674221 | 1.3264684677124023
3218312666 | 1.5767133235931396
8372145434 | 1.0282864570617676
5798590367 | 0.6550595760345459
4032498193 | 0.16511178016662598
3641842646 | 0.2588531970977783
5848873089 | 0.5259642601013184
2397487657 | 1.1182224750518799
6105097242 | 0.5458405017852783
9204303617 | 0.2537224292755127
9930037228 | 0.4698679447174072
5309090054 | 0.1087641716003418
3920840076 | 0.5753889083862305
6369838499 | 0.06261372566223145
1666266785 | 1.3677763938903809
2635190754 | 1.4096975326538086
1749363425 | 0.19102931022644043
6471562658 | 0.17859840393066406
7016522853 | 1.0842905044555664
8630101503 | 0.9852430820465088
6685894304 | 0.03350329399108887
5474539668 | 0.24406790733337402
3625029223 | 0.20695805549621582
5214286671 | 0.5564875602722168
4378179777 | 0.3687779903411865
9180583798 | 0.41425251960754395
3589373007 | 0.9972498416900635
7722017264 | 0.7663290500640869
6369074517 | 0.04487776756286621
3282499080 | 0.06735920906066895
2005366416 | 0.42121052742004395
6921134529 | 0.7083415985107422
4790528874 | 1.3597807884216309
5190971032 | 0.016068458557128906
5230756946 | 0.9507229328155518
4050632806 | 0.26862192153930664
4179696471 | 0.16454052925109863
4863567721 | 0.044107913970947266
2598035455 | 0.5726256370544434
3397147774 | 0.11393594741821289
9932772848 | 0.022045135498046875
6087521494 | 0.10499691963195801
8872477446 | 0.24939918518066406
5077552524 | 1.269153118133545
4315130544 | 0.1986832618713379
9089655917 | 0.7229948043823242
7921424489 | 0.0234677791595459
5256219179 | 1.9608428478240967
3941808412 | 10.676832437515259
5622471752 | 0.28900837898254395
1211541770 | 0.029414653778076172
4605111032 | 0.6123065948486328
2020690787 | 1.0409111976623535
6104395091 | 0.17719650268554688
3060334215 | 0.36620187759399414
3904685599 | 0.24076366424560547
6939342112 | 0.3242502212524414
6304439709 | 0.17837119102478027
5835867479 | 0.972437858581543
6926424189 | 0.4436933994293213
7983355182 | 0.42106032371520996
5686262312 | 1.1602933406829834
5603639726 | 0.9259264469146729
2034905626 | 0.2186744213104248
1386635848 | 0.7137105464935303
4279348099 | 0.2911520004272461
3538781921 | 0.20440411567687988
4328819456 | 0.41622114181518555
3082562414 | 0.022207975387573242
4427866419 | 0.5485584735870361
5213291694 | 0.025295734405517578
5821775744 | 1.2425780296325684
1038723307 | 1.2939908504486084
2435524887 | 0.16845059394836426
4978865229 | 0.9502358436584473
4767550891 | 1.4040374755859375
9833060300 | 0.9071099758148193
6054273703 | 0.42452526092529297
8873781071 | 1.2351036071777344
7132761741 | 0.4656705856323242
1800134511 | 0.34740471839904785
4449075170 | 0.12984919548034668
3917151934 | 0.9202344417572021
4395051936 | 1.0750877857208252
6615172076 | 0.10111403465270996
1731486297 | 0.2745985984802246
3443206380 | 0.7659411430358887
1814051999 | 0.7898240089416504
4752936296 | 0.570904016494751
7658810690 | 2.527306079864502
8885193263 | 0.34493279457092285
1884673149 | 0.4220559597015381
8262977594 | 1.1853032112121582
5955600166 | 0.02614426612854004
3315681271 | 0.5125899314880371
4135789833 | 0.569922685623169
4655715387 | 0.5922131538391113
4192231339 | 0.8872997760772705
6211012134 | 0.2886390686035156
6989850946 | 1.3310546875
2971690654 | 0.497302770614624
2911850520 | 0.5323967933654785
7835539310 | 0.5592696666717529
8794795200 | 0.45865702629089355
4041847690 | 0.43407201766967773
6659700449 | 0.4616434574127197
4002426187 | 1.4041402339935303
8270278504 | 0.9370877742767334
6284243064 | 0.8727848529815674
6578862907 | 0.5090441703796387
6313379167 | 0.3594324588775635
8906364534 | 0.6436073780059814
7279781003 | 1.481365442276001
8508270451 | 1.5522472858428955
8019281761 | 0.02787613868713379
3456951214 | 0.08188652992248535
4443524472 | 0.4743039608001709
2101495702 | 0.4186699390411377
3032646560 | 0.9997358322143555
1338361228 | 1.2276155948638916
5961935595 | 0.1580369472503662
2919590940 | 0.5562777519226074
2491309033 | 0.5343003273010254
8942377257 | 0.17969727516174316
2794340251 | 0.9425666332244873
4613472817 | 0.9247198104858398
3561723936 | 1.378103256225586
3435212339 | 1.0678131580352783
8106279239 | 1.008652687072754
4459298142 | 0.08842110633850098
1918266118 | 0.37077856063842773
3155042378 | 0.4390430450439453
4684810275 | 1.079287052154541
3650377565 | 0.15157532691955566
2266728282 | 0.26841139793395996
6567528037 | 2.0547542572021484
9728252365 | 0.02311229705810547
1567480878 | 0.20924973487854004
9483355516 | 0.020469188690185547
4259355392 | 0.1987287998199463
5871923649 | 2.138159990310669
1811128086 | 0.6373913288116455
3591096400 | 1.2285053730010986
6036180771 | 1.0967967510223389
8332375026 | 0.8339738845825195
7747524041 | 1.3584706783294678
3268816780 | 1.1781537532806396
8429162616 | 0.385983943939209
1562848858 | 1.1721420288085938
4615193746 | 0.11707544326782227
9613697194 | 0.5985908508300781
8758683531 | 0.22973108291625977
5114743938 | 1.0506198406219482
5003121723 | 0.48316454887390137
2943614938 | 0.6762409210205078
7248547012 | 0.8962810039520264
6228955195 | 0.05695772171020508
5307495877 | 1.3346502780914307
1033357432 | 0.3895907402038574
4832024329 | 0.8211631774902344
6792644874 | 0.46558165550231934
8494704631 | 0.29563069343566895
7663293021 | 0.7381439208984375
1491829999 | 1.2066078186035156
5831835564 | 0.06723976135253906
8892485071 | 0.23544788360595703
9434041656 | 1.107600450515747
8094348977 | 2.048297166824341
3346575993 | 0.6943857669830322
8515037045 | 1.2211635112762451
8938062272 | 0.026877164840698242
7509428228 | 0.4125244617462158
4231413910 | 1.0686190128326416
1546918846 | 0.13962244987487793
5937548433 | 1.2456271648406982
5297878394 | 1.211169719696045
2440027868 | 0.3927619457244873
2410068980 | 0.09115958213806152
6164693184 | 0.470508337020874
5267516190 | 0.5771653652191162
5779193118 | 0.70169997215271
2216112441 | 0.137833833694458
5392599787 | 1.2983026504516602
5500139616 | 0.7618246078491211
4011432153 | 0.22654342651367188
2936164517 | 0.8397138118743896
6754170918 | 1.9994480609893799
5006721284 | 0.08819842338562012
4992436177 | 0.3993799686431885
5418555928 | 0.46721792221069336
1506985012 | 0.021153688430786133
3230589143 | 1.0690042972564697
4819136561 | 2.2795767784118652
7220254664 | 1.141969919204712
6483661066 | 0.7175109386444092
3131408342 | 1.1898016929626465
7222259128 | 0.5032734870910645
6261437677 | 0.9402432441711426
6375496459 | 0.32318735122680664
2238419171 | 0.3612236976623535
1255559141 | 0.477996826171875
2956805633 | 0.6580803394317627
7543533330 | 1.2531163692474365
1074035241 | 0.6464653015136719
2673718662 | 0.15922284126281738
1967135672 | 0.3072676658630371
9472682152 | 0.6307761669158936
7840801070 | 0.4195382595062256
9674108922 | 0.8008339405059814
9153127277 | 0.2517819404602051
4197813491 | 0.4146151542663574
1801745809 | 0.679452657699585
7353940610 | 1.880120038986206
3495632915 | 1.1082568168640137
6925450335 | 0.028745174407958984
5676410336 | 0.3641927242279053
1259482776 | 1.378368616104126
1599259237 | 0.7032036781311035
1262591732 | 0.0352635383605957
6953628067 | 0.8734939098358154
6275508917 | 1.224330186843872
8132896421 | 0.030707120895385742
5258965739 | 0.6781940460205078
4457268506 | 0.2839016914367676
4953309297 | 0.9255859851837158
3497621111 | 0.7178096771240234
8958107418 | 0.5161547660827637
1257804874 | 0.7870171070098877
8366453290 | 4.460638523101807
5796199762 | 0.6424946784973145
8473762231 | 0.2968482971191406
8630711528 | 0.6728122234344482
2986246850 | 0.3600776195526123
7108817013 | 0.0548863410949707
6942577158 | 2.0979769229888916
4289567909 | 0.6826140880584717
1030054770 | 1.1958072185516357
6583549550 | 1.9042248725891113
6789478466 | 0.02243185043334961
6654264549 | 0.023293018341064453
2200107472 | 0.5173118114471436
5706790403 | 0.5819761753082275
6184978184 | 0.5612366199493408
6909299492 | 0.8191525936126709
7866531493 | 0.5575027465820312
1886267168 | 0.1714012622833252
4579300260 | 0.5205862522125244
7256743382 | 0.7270951271057129
2592832762 | 0.21337008476257324
5119728302 | 0.8034505844116211
6953439804 | 0.01893138885498047
1371590484 | 0.5210466384887695
3512367293 | 0.13970541954040527
4604563661 | 0.3712916374206543
6390604887 | 0.2890305519104004
3596536497 | 1.5598647594451904
7637596221 | 0.461972713470459
3451554228 | 1.6285712718963623
6866298502 | 1.7163949012756348
9998376549 | 1.6316614151000977
2455300719 | 0.38382959365844727
4657876621 | 0.4346897602081299
9612773613 | 0.2829134464263916
2606173286 | 0.15692949295043945
2148045901 | 0.4147069454193115
7663170271 | 1.1781513690948486
6625471094 | 0.6757464408874512
1913802485 | 0.6116881370544434
7388444849 | 1.1210529804229736
8250814148 | 0.09541201591491699
2517921877 | 0.23746252059936523
4301070446 | 0.5130307674407959
7334342973 | 0.01200103759765625
9527640457 | 0.6104865074157715
3974314566 | 0.09546494483947754
2177112831 | 1.2854044437408447
6481324316 | 0.19666147232055664
2824800208 | 0.3207395076751709
3394695739 | 1.0265331268310547
3577399181 | 0.20386219024658203
5613601274 | 0.2695021629333496
4390211484 | 0.09917449951171875
6393993220 | 0.6060318946838379
9232987381 | 0.7003114223480225
4729651828 | 0.22811508178710938
2700408824 | 0.6773045063018799
1769238037 | 0.41986775398254395
9547848531 | 5.199649095535278
1611948253 | 0.4162027835845947
1774292499 | 0.12872886657714844
9699118802 | 0.5752112865447998
6286913493 | 1.2696831226348877
4650729060 | 0.44430041313171387
9508534768 | 1.3378772735595703
1871510175 | 1.0319409370422363
2534848770 | 0.846735954284668
9625047544 | 1.1259512901306152
9737294335 | 0.13652753829956055
4898005191 | 0.1580064296722412
9644099759 | 0.5869345664978027
5082818966 | 0.1530132293701172
6786793512 | 0.18026351928710938
1082709262 | 0.3683047294616699
8531353772 | 0.23348212242126465
5176460865 | 0.9551191329956055
8685231335 | 0.6147902011871338
2782135909 | 4.0469934940338135
4941882859 | 0.7717039585113525
5936790884 | 0.17987823486328125
3521870827 | 0.2842276096343994
3367642412 | 0.5220608711242676
4719882281 | 0.3314027786254883
1149843377 | 0.4857146739959717
3542899698 | 0.6368401050567627
6945122787 | 0.10796189308166504
8413133648 | 0.5945227146148682
2746343630 | 0.8722684383392334
8893663459 | 0.0348358154296875
3107243188 | 1.1754801273345947
6278288910 | 1.5778157711029053
6207754646 | 0.01451420783996582
1965324023 | 0.4254920482635498
4354139608 | 1.0911874771118164
7582586596 | 1.82539963722229
5701417789 | 0.07633304595947266
3978798547 | 0.13215255737304688
7138892389 | 3.082172393798828
7803587935 | 0.24884581565856934
9059778660 | 1.5268845558166504
1891100898 | 1.4687199592590332
1944132980 | 0.35721778869628906
3527389547 | 0.8728854656219482
4718889598 | 0.20909857749938965
4161424061 | 0.3541138172149658
1012693470 | 1.0667872428894043
3719333603 | 0.28474855422973633
8044658099 | 0.3183271884918213
6233316721 | 0.8324282169342041
3865477824 | 0.8364090919494629
8955328062 | 1.0142078399658203
3436214487 | 0.1844770908355713
4468737966 | 1.3536183834075928
8991000158 | 0.9595534801483154
2522200284 | 0.8718106746673584
6400239473 | 0.9504787921905518
6207976444 | 1.0654096603393555
6758874086 | 1.3728559017181396
1669961260 | 0.5139901638031006
1827007317 | 0.6342208385467529
5443796451 | 0.4546940326690674
6570239529 | 0.580113410949707
1700721177 | 1.6859633922576904
7641381346 | 0.024663209915161133
5452242001 | 1.197800874710083
7888111036 | 0.38899660110473633
3256736401 | 0.9137511253356934
1144489668 | 1.122429370880127
1676917989 | 0.01864790916442871
5362695752 | 0.12997698783874512
2161219302 | 0.7649588584899902
3287001554 | 0.04896140098571777
4356722183 | 0.0857689380645752
7053311474 | 0.4840071201324463
9629498659 | 1.5296971797943115
1342768097 | 0.8667588233947754
1267579112 | 2.1957314014434814
4470203319 | 0.7181739807128906
1627788311 | 0.4224274158477783
8790981697 | 0.7954838275909424
1012283447 | 1.537710428237915
4919785791 | 0.5786795616149902
4841062066 | 0.8257772922515869
3538023657 | 0.6717414855957031
4907678648 | 0.1874842643737793
2736549774 | 0.5493900775909424
9864289176 | 1.6444323062896729
7791332265 | 1.2432003021240234
8336936841 | 1.8719992637634277
8118054756 | 0.20341801643371582
3843902981 | 0.3390805721282959
7410010581 | 0.2783536911010742
1424120166 | 0.1974165439605713
5567018647 | 0.3486483097076416
4503052500 | 0.6949691772460938
2022113199 | 0.2766377925872803
8081667220 | 0.354569673538208
2515365103 | 0.36315202713012695
6710318636 | 1.5996098518371582
7495086485 | 0.356917142868042
6093663675 | 0.6530616283416748
4220842352 | 1.2434256076812744
8051866444 | 0.128098726272583
6224979551 | 1.6226904392242432
2940295019 | 0.07114434242248535
4664283403 | 0.9864113330841064
7759692132 | 0.036383628845214844
9879137278 | 0.9945414066314697
1822936710 | 0.43831586837768555
2422628645 | 0.5710766315460205
1562859387 | 1.7672770023345947
5964370098 | 0.022945165634155273
9650633256 | 0.15568041801452637
1005013888 | 0.5691277980804443
9204068401 | 0.5359494686126709
7465171179 | 0.01653265953063965
1427718572 | 1.2005014419555664
7155731147 | 0.8370537757873535
4818211539 | 0.14082765579223633
7139140565 | 0.21251869201660156
4511258379 | 1.8253083229064941
4425662091 | 0.9898624420166016
2212572255 | 0.2970757484436035
9245775351 | 0.1748826503753662
2415119885 | 0.17210888862609863
1952346024 | 1.3214831352233887
5976427068 | 1.022252082824707
3132042594 | 0.6694209575653076
1348319003 | 1.1917023658752441
7565929351 | 2.2432315349578857
7766414552 | 0.12386584281921387
7174205723 | 0.18697142601013184
3699362043 | 0.8374083042144775
7384554931 | 0.6200807094573975
1846325009 | 0.5001058578491211
9850027791 | 1.2265257835388184
6251203761 | 0.07654976844787598
1817443240 | 0.6797804832458496
8502477675 | 1.746537208557129
8298548993 | 0.8579936027526855
1107598304 | 0.7663660049438477
2336541518 | 1.2005152702331543
8553316963 | 0.07238197326660156
1220181545 | 0.7014102935791016
2871702883 | 0.7172262668609619
5064387273 | 0.8069522380828857
3373800800 | 0.49070096015930176
9192975393 | 0.627094030380249
9478003487 | 0.8733212947845459
2485118330 | 2.0086097717285156
7363129564 | 0.9776432514190674
7362673331 | 0.2412402629852295
8501976414 | 5.806008577346802
2700981656 | 0.7755682468414307
5169518262 | 0.08033084869384766
9855665714 | 0.6336743831634521
9065076577 | 0.20501375198364258
1292162061 | 0.6473355293273926
5412133514 | 1.4789750576019287
8672600885 | 0.6536803245544434
2814994744 | 0.6387765407562256
8145221248 | 0.6697921752929688
8810693723 | 0.919999361038208
7873811374 | 0.601806640625
7138236081 | 0.45833325386047363
4215024035 | 0.7757401466369629
5660755540 | 0.03380703926086426
2248280857 | 1.2829961776733398
9320392475 | 0.6152553558349609
1981319163 | 0.28899168968200684
1117027511 | 0.31563901901245117
1293944873 | 1.1705825328826904
3978823733 | 1.2456467151641846
9655636646 | 0.8778626918792725
6335284614 | 0.5232548713684082
1890935452 | 1.738142490386963
1705228863 | 0.7356858253479004
5159726461 | 0.733931303024292
1969022084 | 0.6256198883056641
7474081094 | 0.7726876735687256
4428218477 | 0.5196361541748047
6216997376 | 1.2883493900299072
5292084830 | 0.9947950839996338
2994003619 | 1.3771865367889404
4138623129 | 0.7241501808166504
5636147600 | 0.02780318260192871
9719203451 | 0.3361361026763916
1576284384 | 0.42070579528808594
5326412822 | 0.25991272926330566
7178409873 | 0.22101759910583496
5466283966 | 0.7386720180511475
1684060823 | 0.4732329845428467
3207753789 | 0.3207426071166992
3965453131 | 0.4202003479003906
1019292195 | 0.14989256858825684
6895706276 | 0.035981178283691406
5718009236 | 1.6445872783660889
5443480458 | 0.4309828281402588
2420038853 | 3.8881404399871826
5254783187 | 0.8565752506256104
9917390092 | 0.6468086242675781
9923716222 | 0.30036258697509766
1684993592 | 0.02235698699951172
4751258569 | 0.16449975967407227
8809794564 | 0.6432397365570068
7723286346 | 0.5963513851165771
4111264735 | 0.3139495849609375
4476370739 | 0.9505107402801514
5747932525 | 0.20506000518798828
9769020729 | 0.45201897621154785
7812886125 | 0.7259500026702881
3837473886 | 0.22216320037841797
7625651984 | 0.6071183681488037
9558236074 | 0.07267117500305176
5368919566 | 0.03263497352600098
8425548004 | 0.061289072036743164
2578061684 | 0.8678698539733887
2739428391 | 0.20145964622497559
1783593531 | 0.32579874992370605
2644564316 | 0.11188411712646484
9452896165 | 1.9391138553619385
6488172842 | 0.6393418312072754
7648657944 | 1.0813913345336914
8068788119 | 1.4001383781433105
7613966760 | 0.5137028694152832
7247511773 | 0.22642016410827637
3372324181 | 0.12711477279663086
7491587068 | 0.8371503353118896
5835975772 | 0.13698244094848633
8877673223 | 0.7518911361694336
3979608274 | 0.017461538314819336
2926832072 | 0.7247335910797119
5877172607 | 0.6047589778900146
7112179506 | 0.7129406929016113
8356815362 | 1.3772242069244385
6230284675 | 0.7558126449584961
7748194738 | 0.2898886203765869
9238585920 | 0.7499935626983643
2191821327 | 0.17986321449279785
9334053661 | 1.117755651473999
7905777762 | 0.18035626411437988
9752852906 | 0.34769773483276367
6886486069 | 0.8639869689941406
5356767298 | 1.4164445400238037
7610944549 | 0.5538280010223389
6914029644 | 4.291346788406372
6045216108 | 0.22336196899414062
4892204681 | 0.3303792476654053
3715812087 | 0.5117466449737549
2536925103 | 0.3099846839904785
8542654263 | 0.7177450656890869
4969554551 | 1.5210096836090088
7624138797 | 0.4956953525543213
3885438493 | 0.02239537239074707
8552473172 | 1.7708096504211426
7655864294 | 1.4831695556640625
6045227223 | 0.03260684013366699
8080797581 | 0.048929452896118164
3018157653 | 1.8628740310668945
2412776820 | 0.739537239074707
9579324769 | 0.2188889980316162
4184383184 | 0.6812310218811035
5814949826 | 0.693669319152832
2079657959 | 0.5044269561767578
5192803521 | 0.5455925464630127
4998846083 | 1.2669684886932373
4144209940 | 6.486658096313477
8356332242 | 0.5359621047973633
8222347145 | 0.7795877456665039
6454693615 | 0.16420435905456543
7715690861 | 1.337383508682251
8725668580 | 0.7403216361999512
2075072438 | 0.3744795322418213
2549636038 | 0.7124323844909668
9153211259 | 0.8000802993774414
3386670388 | 0.04848170280456543
2876410737 | 0.11809849739074707
1733739097 | 0.23751354217529297
3190268338 | 0.6144318580627441
7235611256 | 0.5273404121398926
6868265813 | 0.41945719718933105
9181051465 | 0.7772228717803955
4174373994 | 0.3584733009338379
2424843543 | 1.4382288455963135
4889245766 | 1.108280897140503
1259920682 | 0.5806994438171387
1224730274 | 0.6721029281616211
6119204613 | 0.021079063415527344
9155898543 | 1.72440767288208
8724115437 | 0.1211540699005127
2878519146 | 0.390453577041626
6019144869 | 0.43864989280700684
8308851180 | 1.02500581741333
4745219141 | 0.17089390754699707
4902543842 | 1.1096389293670654
7971719303 | 1.4960002899169922
6747621861 | 0.425753116607666
4234617304 | 1.0416083335876465
4134088243 | 1.0632829666137695
8010471793 | 1.4101040363311768
6995540390 | 0.22581005096435547
9974363783 | 1.4386284351348877
8988552006 | 0.39731287956237793
5195680237 | 0.9430863857269287
9989593330 | 0.6695206165313721
2534574989 | 0.8590085506439209
5847736544 | 0.6623399257659912
5047476267 | 0.9937026500701904
2645908355 | 1.7042956352233887
7637408950 | 0.1956486701965332
6645702727 | 0.5515890121459961
3146219769 | 0.25365591049194336
5039414238 | 0.740138053894043
4172570162 | 0.42211365699768066
8959099743 | 0.74991774559021
1378079289 | 0.3959524631500244
5422738598 | 0.5382406711578369
1373356413 | 1.5012240409851074
9734636773 | 0.02058267593383789
3001395033 | 0.3134644031524658
1111120826 | 0.5173170566558838
1008165450 | 1.008547306060791
4632495059 | 0.686058759689331
1735227290 | 2.2579612731933594
1379736941 | 0.3898336887359619
3783423461 | 1.1248502731323242
2432105717 | 0.7942054271697998
9483190748 | 0.5836057662963867
2054251608 | 0.24510741233825684
3236318223 | 0.6595110893249512
6907021903 | 0.7224981784820557
1848969456 | 2.0719351768493652
7335121154 | 1.214355707168579
4327539309 | 1.4964489936828613
2420464478 | 0.1195068359375
8762153015 | 0.20859932899475098
7937888587 | 0.4121081829071045
6378381380 | 0.8335862159729004
9681978054 | 0.2466888427734375
5384962159 | 0.4155576229095459
2569994468 | 0.23150372505187988
4251645176 | 0.21628594398498535
2241611041 | 0.6163556575775146
2293097533 | 0.7174553871154785
1736313524 | 0.5419111251831055
5694304209 | 0.3549845218658447
6616071988 | 1.2896537780761719
3922310880 | 1.629859447479248
1378251450 | 0.43716931343078613
2215554453 | 3.5088179111480713
3843643162 | 0.43782973289489746
9895484951 | 0.9720554351806641
8839039392 | 0.03223848342895508
9499745756 | 9.08074402809143
2272012855 | 0.3470609188079834
6347919972 | 0.23549795150756836
2862751191 | 0.5820701122283936
6672499480 | 0.7057733535766602
2122119321 | 1.056361436843872
7754189780 | 0.10801362991333008
1288287232 | 0.5985057353973389
9712499467 | 1.5359351634979248
7368366139 | 0.7875974178314209
9685756053 | 0.7430267333984375
3323211606 | 0.46766185760498047
4717157986 | 0.16763639450073242
8924075038 | 0.49356508255004883
3567960194 | 0.30604124069213867
9155764802 | 0.18685626983642578
6940069180 | 0.23940038681030273
3763625938 | 0.4671785831451416
6247657077 | 1.4457335472106934
1288747875 | 0.12726831436157227
7391035503 | 0.5467641353607178
2387040607 | 0.06761837005615234
3084084193 | 1.1255180835723877
9900730375 | 0.08303332328796387
1455028282 | 2.2342464923858643
2479113490 | 0.3043975830078125
4271176202 | 0.16927504539489746
7558232079 | 1.39206862449646
5371080521 | 1.1383447647094727
7843864947 | 0.5807654857635498
2864243082 | 0.5441849231719971
7511579328 | 0.04828047752380371
2390245697 | 0.5107183456420898
8091399023 | 0.6265418529510498
2777159148 | 0.48868823051452637
9534458380 | 1.724454641342163
9628150648 | 1.4602205753326416
6588196360 | 2.0539090633392334
8098069131 | 0.5820574760437012
7668448453 | 1.0829558372497559
1067909066 | 0.8629367351531982
9518632354 | 1.6329333782196045
6369225271 | 0.5991866588592529
3912991793 | 0.038378000259399414
3079491427 | 0.04723024368286133
6034484077 | 0.026193618774414062
5053147493 | 0.824937105178833
2926877246 | 0.37047338485717773
8529390481 | 0.7642838954925537
6579667770 | 0.2904839515686035
9531611396 | 0.11389279365539551
8323432716 | 0.7169792652130127
8259595798 | 0.026660919189453125
9744090573 | 0.1618494987487793
5141918034 | 1.0981199741363525
5202221632 | 0.5986135005950928
7454332526 | 0.8742067813873291
9621037656 | 0.029045581817626953
9944198136 | 0.5945014953613281
6065430411 | 0.6645512580871582
8928023736 | 0.7531378269195557
8701193129 | 0.06865882873535156
3212480448 | 0.3938007354736328
9940668716 | 2.5227723121643066
9153512792 | 0.38322949409484863
6844586701 | 0.8069949150085449
8529797247 | 0.4903757572174072
2257211373 | 0.379345178604126
9581906499 | 0.5560815334320068
3045548791 | 0.04358625411987305
