1159.49
1634.93
1726.14
951.48
673.1
1092.82
667.72
678.28
1003.65
657.6
1036.65
928.11
982.02
673.35
1358.4
839.34
1176.56
1163.53
1224.36
673.87
676.07
680.09
1083.64
847.96
693.16
788.94
1131.04
1210.6
1213.33
1383.27
664.66
1045.87
918.38
1475.09
870.61
1019.09
1304.28
865.57
698.83
1237.8
910.83
812.51
693.06
2052.18
1121.62
1101.39
703.8
821.63
840.72
1422.58
845.06
1575.81
1021.57
1235.89
1064.23
1533.37
1577.93
1176.36
1197.9
1605.45
965.78
885.54
1536.43
1048.17
1091.91
1121.36
1105.16
937.7
1249.75
883.45
740.71
950.36
806.91
1179.22
1818.6
664.25
808.57
876.39
1084.24
1643.99
1353.17
1455.04
1042.14
927.15
1166.43
1215.03
1482.47
674.27
1079.86
670.92
952.06
689.49
671.32
683.92
1007.03
924.15
865.47
1131.07
1037.44
1282.85
1440.43
1097.85
1116.51
1163.09
926.49
913.49
667.89
704.55
1293.08
715.85
678.12
1404.45
994.26
704.14
1038.45
1368.65
1544.04
986.81
673.64
1299.84
682.28
695.65
994.93
732.04
745.71
1383.19
1290.87
1298.55
825.96
1272.98
670.86
951.67
776.67
666.23
1493.96
1091.72
676.27
833.27
1099.13
916.24
1241.48
944.48
1369.49
822.42
678.11
812.76
1281.32
936.01
661.65
867.94
832.59
1167.85
1176.42
1054.51
679.08
718.32
992.34
1107.2
706.37
681.41
951.63
782.05
1291.96
852.95
1098.51
1369.16
1204.76
678.61
1328.54
1032.09
998.99
1191.05
866.76
832.04
885.59
945.37
816.5
722.85
1079.77
1470.71
1425.74
924.5
1641.07
1394.99
812.82
1256.8
1414.68
967.97
1270.66
778.12
952.72
658.78
990.14
932.18
1618.86
815.65
1118.28
891.13
978.89
1428.85
804.38
678.29
975.49
930.28
917.15
1164.94
1399.0
759.05
1414.21
1402.49
1147.47
978.48
691.82
2013.55
821.36
1198.91
1475.65
1521.17
974.33
1290.18
681.41
1487.41
1077.55
1417.31
662.52
668.6
1122.02
672.66
855.33
668.74
858.86
1238.11
1051.79
688.03
676.38
1242.72
909.53
1035.13
818.19
668.9
796.88
687.23
1101.49
1452.93
740.84
1229.32
934.23
976.28
772.07
1659.22
1063.53
668.82
992.58
1613.63
802.44
820.59
1318.75
1169.09
1275.0
672.24
976.06
674.49
2096.45
673.07
1704.2
689.18
1041.81
801.56
1183.31
2730.04
951.66
701.48
1409.39
860.86
1259.76
678.66
787.91
949.36
688.14
1403.22
1473.91
675.67
667.21
988.91
1649.23
667.36
823.92
1196.85
944.66
671.52
1124.95
1165.1
939.48
891.3
1268.57
858.2
2116.39
671.47
1243.5
1361.53
668.49
824.61
956.66
874.45
881.58
1186.15
1013.59
901.83
665.08
1305.55
684.2
1130.18
701.2
675.76
1066.71
701.9
688.53
1185.53
1173.63
953.96
718.67
967.59
865.61
832.99
684.87
928.62
1059.05
1401.82
1185.52
995.48
828.69
1029.46
891.17
664.96
663.34
1420.02
720.77
836.37
1185.91
1102.2
1069.47
1387.07
1167.73
722.36
744.63
700.48
1050.0
1442.89
1430.95
996.86
1206.91
1568.57
858.11
1310.99
1014.61
1264.6
1180.95
2076.5
861.56
1247.42
862.25
2615.58
1052.58
1001.35
1155.47
918.47
665.69
978.74
654.48
656.25
867.48
710.37
916.45
1919.08
677.59
968.89
983.09
668.04
1115.03
838.65
920.09
785.01
1099.82
1294.16
818.32
1233.29
1122.65
665.38
1127.02
867.86
814.26
1121.86
667.97
832.71
673.36
691.22
988.87
863.88
789.54
1146.91
1139.39
741.61
991.22
1044.65
2051.76
707.43
809.6
1354.74
1736.28
813.45
1103.93
1145.93
845.42
817.82
880.15
782.35
969.82
864.13
880.84
853.04
945.5
1208.29
1033.56
1040.29
755.99
738.79
746.26
705.33
1200.95
808.22
1195.86
903.39
704.67
1468.2
692.09
897.23
1281.94
1047.11
1302.57
698.98
698.31
1177.6
741.03
980.92
958.76
1521.92
1531.97
1363.03
1173.57
1237.75
1509.02
1211.8
825.95
1298.83
1395.36
1409.75
901.84
1138.15
1041.55
994.61
850.83
672.26
1018.99
917.35
686.43
1426.24
844.83
833.3
1074.84
668.9
759.13
669.11
673.42
711.25
717.19
1229.74
680.1
1096.99
1025.66
1062.0
1057.22
1738.18
1160.82
719.18
696.27
2244.18
814.46
921.8
672.92
1224.39
1060.96
668.34
1041.63
1004.36
1091.5
1120.35
671.85
671.77
673.59
1096.52
2159.28
862.2
1307.34
892.3
1365.39
1293.35
886.32
1152.43
999.41
1457.65
962.06
1041.67
1093.24
806.22
1165.63
693.3
1437.6
956.37
1272.5
680.33
1310.63
1669.16
668.78
680.08
778.37
1003.12
695.03
1613.67
1365.23
1322.93
850.48
1102.6
1011.7
2021.06
1645.98
1436.28
1185.34
1085.72
1147.65
668.79
998.32
922.69
704.78
1334.07
1270.12
1499.64
853.1
1019.85
1146.19
995.78
809.72
709.13
1352.84
685.17
1103.9
673.95
667.49
1143.16
796.19
1092.07
931.13
1844.7
669.77
1261.89
1430.68
885.43
1146.43
1067.23
1083.61
674.5
1098.36
1034.53
671.78
674.38
673.99
983.24
677.84
1240.78
1636.4
1008.67
980.38
733.54
670.25
811.62
922.56
668.99
1130.91
1070.9
1063.68
1044.92
666.24
2592.49
776.99
1200.02
869.32
1065.08
787.31
904.18
1071.79
952.76
925.11
1187.08
953.48
987.5
1137.19
1134.06
667.78
911.1
803.49
1144.09
663.37
955.78
678.25
1303.93
669.75
993.49
960.8
998.65
832.2
892.47
1131.03
846.89
1214.01
1282.09
1387.13
671.01
1107.24
963.55
982.06
664.91
1061.13
660.64
922.24
980.97
669.43
1381.02
667.45
1878.53
900.59
667.98
1151.3
1004.43
1704.69
920.48
891.16
960.12
670.77
1436.01
952.55
884.31
664.29
964.84
1157.19
1245.59
972.64
982.07
974.25
659.02
675.06
676.39
674.11
777.39
1229.76
716.15
1453.35
877.13
1098.32
666.41
1173.99
1413.81
656.61
772.95
1013.89
670.73
675.13
669.92
1105.55
674.2
1215.88
852.22
1257.72
670.88
681.96
665.89
939.64
733.13
981.54
666.57
1136.52
875.21
678.44
914.37
1023.21
679.05
667.65
1207.05
1026.55
675.69
677.33
1042.06
1574.66
845.4
1182.26
1065.0
671.0
852.74
1183.59
1922.96
670.03
671.21
888.97
685.44
798.29
668.08
1082.2
687.24
1084.31
921.23
1228.4
1153.81
965.27
674.66
953.05
1568.84
1028.01
676.77
671.66
1008.43
1076.21
1341.0
910.08
678.3
1074.33
672.97
1043.49
672.86
1472.3
907.67
670.69
765.39
679.55
664.77
658.43
662.67
665.27
1149.01
667.92
671.48
673.14
663.35
1124.78
770.31
665.26
669.48
754.4
670.95
959.86
1052.38
738.03
877.89
960.34
777.77
1145.45
679.99
676.59
824.62
669.73
1283.6
675.49
1210.54
673.06
671.99
1302.17
675.45
1847.87
1058.74
817.3
1249.63
1082.38
927.75
952.76
918.84
710.52
718.41
1465.02
2051.28
1071.08
1080.38
1414.77
1399.44
832.83
702.3
1238.25
704.81
903.87
969.1
1181.75
883.21
899.76
938.93
785.01
1500.01
1307.72
730.6
975.74
702.4
672.38
723.16
900.28
1329.2
1375.97
863.02
930.11
1680.06
1578.71
2593.96
1027.7
1168.05
1077.44
860.72
686.68
1933.99
925.6
723.03
837.42
1096.53
975.36
677.82
698.35
1337.26
772.57
986.22
1004.2
666.32
690.78
971.17
893.64
671.15
853.39
797.07
855.86
1411.87
1084.83
1078.69
673.12
807.43
1273.91
1089.93
905.88
980.47
1258.65
781.46
666.12
958.99
665.93
671.25
830.57
1075.33
1039.01
1098.46
808.95
677.51
1007.38
1000.87
668.63
920.9
805.9
1182.47
853.39
856.23
922.76
1194.06
1221.42
671.89
669.2
877.37
674.39
1174.28
672.86
664.87
1464.8
871.0
804.88
1014.87
1343.0
677.72
1060.8
1114.18
883.44
999.23
676.26
1358.6
674.27
1111.83
669.04
877.63
663.09
744.67
996.58
1423.63
834.97
1029.6
1811.92
967.91
1838.74
1099.74
1021.94
1046.24
822.19
1129.76
1012.14
1049.14
660.68
933.63
1082.25
664.98
1013.38
1114.65
1177.27
1177.27
1146.86
1154.73
882.65
665.23
810.4
668.67
669.11
1002.52
1027.09
927.64
1061.2
998.5
1210.7
1078.92
798.56
939.62
1416.8
861.22
856.03
681.87
658.75
1229.25
688.73
912.99
677.72
662.4
867.32
827.22
1205.62
1100.72
673.89
675.17
670.28
671.26
672.44
669.91
1047.13
886.67
933.7
1485.84
1298.61
1005.7
881.84
1010.23
1153.4
990.41
1090.28
1666.26
1211.32
1332.32
1050.32
725.94
1033.14
1451.2
1282.46
1110.58
676.21
810.55
1084.62
1026.44
675.35
665.17
1272.91
714.66
1015.25
681.42
662.8
793.06
666.91
1077.12
680.39
664.17
1024.65
1034.99
894.12
864.27
757.18
1115.14
1280.9
1294.79
