7.9
7.91
7.91
8.11
4.2
6.89
5.77
6.52
6.63
6.82
4.88
5.19
6.83
4.79
5.41
4.77
5.06
5.53
4.56
7.78
5.45
6.29
5.68
5.28
7.09
5.89
5.51
6.43
5.86
5.09
7.37
6.82
7.81
5.44
5.98
6.5
5.8
5.32
7.92
5.26
7.48
7.17
6.64
7.43
7.04
8.06
5.33
6.07
7.49
7.9
6.74
6.22
8.07
8.05
7.55
7.61
8.81
9.24
10.3
9.25
5.93
6.75
6.05
6.63
5.85
9.05
9.33
8.38
9.54
8.08
7.83
8.97
9.17
7.02
9.28
8.27
7.14
7.5
7.72
8.26
6.61
8.99
8.65
6.74
8.6
6.58
6.62
7.02
10.85
6.02
5.84
8.34
7.76
5.66
7.84
6.16
7.12
5.8
6.54
9.92
8.23
6.64
5.9
7.24
7.71
6.82
6.14
7.66
7.77
7.09
7.1
8.68
6.7
9.01
8.31
7.09
7.34
7.26
6.82
6.42
7.08
7.45
6.88
6.4
8.85
8.24
7.89
8.95
7.6
8.68
7.5
7.89
7.19
8.46
8.93
7.97
7.56
7.16
13.35
4.81
8.38
7.98
8.58
8.65
8.19
8.37
8.78
9.81
8.34
8.05
8.67
8.05
8.74
8.46
8.31
7.52
7.25
8.45
7.83
8.37
7.55
8.87
8.28
9.32
8.26
7.77
7.83
8.43
8.57
8.9
8.51
8.04
8.54
6.37
8.86
8.86
8.91
8.86
9.1
8.92
5.2
6.02
6.48
6.69
5.05
6.47
7.16
6.58
7.49
6.53
8.71
6.95
7.06
6.28
9.59
7.12
5.61
7.5
6.32
8.33
7.85
7.86
5.35
6.54
8.86
9.67
8.94
8.96
8.65
8.61
8.77
8.88
7.95
8.85
8.85
8.94
8.93
8.8
6.73
8.46
8.97
8.96
8.0
8.69
8.52
8.25
8.59
8.59
9.78
9.26
9.36
9.06
8.77
8.26
8.92
4.9
6.51
5.55
5.82
7.03
6.41
8.0
7.91
8.14
7.77
8.64
8.27
8.03
8.66
8.27
7.85
8.33
7.86
8.84
9.28
8.64
8.85
8.65
8.72
8.74
9.02
8.95
6.16
8.41
9.0
8.93
7.9
8.17
8.34
10.32
8.62
8.75
9.04
8.69
9.03
8.95
8.87
9.05
8.96
9.13
8.83
8.31
9.09
6.88
8.58
7.96
5.95
5.81
6.74
8.47
6.11
6.41
7.09
6.97
6.49
6.85
6.72
6.69
6.03
6.5
6.37
6.0
6.56
6.09
5.95
5.88
6.84
6.84
6.63
6.79
6.44
6.62
7.03
6.8
7.83
8.62
8.61
8.85
8.94
9.86
7.66
9.22
8.33
8.88
9.18
5.47
5.58
6.35
7.47
8.58
8.28
8.68
8.55
8.76
8.36
8.47
9.03
9.16
8.82
8.6
8.88
8.93
8.96
8.79
8.53
9.84
9.08
8.95
9.78
9.22
8.95
9.42
9.39
8.75
9.62
9.63
8.43
9.42
9.43
8.54
8.83
8.34
6.54
7.76
8.4
9.02
8.44
8.97
8.85
9.16
8.94
8.96
9.08
9.19
8.18
9.18
7.47
9.4
9.1
8.7
10.07
9.54
8.52
8.72
8.93
8.87
9.39
6.34
7.21
8.99
9.4
8.48
7.01
8.15
8.42
8.32
8.92
9.14
9.15
5.71
9.25
9.0
8.81
9.2
10.36
9.1
10.31
9.96
9.57
10.01
10.14
10.4
8.65
5.85
9.41
9.32
9.15
8.4
9.13
9.19
8.95
6.87
8.45
9.13
9.02
8.6
8.99
8.35
8.78
9.04
8.19
9.17
8.53
9.34
9.05
9.11
8.96
9.08
10.06
8.46
8.39
9.54
9.16
8.99
9.07
9.27
9.15
10.22
8.67
9.31
10.03
8.69
9.69
9.73
9.75
11.19
9.61
7.44
8.25
12.0
9.48
9.61
8.21
10.03
8.43
7.86
7.0
8.1
9.38
9.57
9.36
10.31
9.88
9.43
10.26
8.87
9.67
9.44
9.28
9.1
8.94
9.26
9.8
9.33
9.46
8.64
8.5
9.44
8.82
8.82
9.48
9.29
10.6
10.02
7.33
8.42
7.7
8.48
9.15
8.44
7.98
8.19
6.58
9.56
8.12
5.73
8.18
8.8
8.34
6.7
7.68
9.4
6.19
5.94
10.76
9.54
8.05
10.79
8.42
9.03
9.26
8.01
8.45
9.25
8.52
5.58
8.09
9.1
9.1
8.08
9.3
9.36
9.14
9.13
8.97
9.08
7.85
5.84
7.79
5.37
7.88
5.45
8.3
6.43
7.81
10.29
7.79
9.87
10.39
8.41
8.71
8.7
7.09
6.64
12.06
9.38
9.41
9.65
9.22
9.08
9.47
9.58
9.29
9.82
8.57
9.4
9.26
8.51
8.34
8.31
7.61
8.66
8.14
7.77
8.37
9.0
8.31
8.59
9.14
8.6
8.86
8.39
9.19
9.31
9.11
9.1
9.25
9.58
9.76
8.83
9.2
9.33
8.74
9.03
9.73
9.94
9.66
9.63
9.96
7.56
9.34
9.5
9.75
9.52
8.97
10.94
9.0
9.94
9.42
9.05
9.04
8.91
9.33
8.91
8.7
8.93
9.05
9.47
10.02
9.64
10.07
10.37
10.27
7.43
7.38
9.07
9.54
9.18
9.16
8.54
6.83
8.61
7.76
7.75
9.36
9.49
9.33
9.7
9.94
9.31
9.22
8.59
9.6
9.34
9.1
9.29
9.2
8.79
9.1
9.44
9.4
9.57
10.48
10.17
9.61
11.16
6.62
9.4
9.33
9.34
9.44
9.57
10.98
9.42
6.14
5.82
7.48
7.79
8.01
6.93
8.77
9.38
8.58
8.95
8.09
6.22
6.39
8.79
9.21
9.22
8.24
9.38
9.04
8.14
9.54
8.54
7.76
8.3
6.53
9.49
8.44
8.92
8.71
8.77
8.36
6.46
6.66
8.23
9.04
8.78
9.02
9.39
7.31
8.83
8.53
10.08
7.08
8.88
9.47
10.03
10.66
8.38
8.28
7.91
9.47
10.75
10.74
6.39
6.37
10.37
6.53
7.38
7.76
7.45
5.08
8.08
10.92
9.16
7.75
7.56
8.73
6.75
8.7
8.69
9.83
8.75
7.21
8.65
8.67
10.21
8.03
7.66
8.51
9.12
7.72
9.23
9.83
9.71
9.83
8.8
9.84
9.42
9.25
8.93
9.18
7.91
7.3
6.61
7.56
7.56
10.32
7.22
7.78
7.26
7.64
6.73
8.57
9.83
8.26
8.47
8.41
6.92
8.98
9.97
8.23
8.59
7.86
6.8
8.29
9.6
9.47
9.43
9.31
8.52
5.89
7.37
5.68
8.49
6.89
8.49
8.72
6.51
7.16
9.01
9.38
9.3
9.93
6.27
9.43
9.17
8.56
9.91
8.97
9.76
9.37
9.95
9.28
9.31
9.18
9.13
9.17
8.7
9.15
9.2
9.2
6.29
9.03
8.76
8.66
9.02
9.29
9.79
9.21
7.75
9.52
9.35
9.85
10.04
9.84
10.9
10.92
7.84
9.34
6.08
8.32
7.61
9.26
9.73
8.32
9.06
8.91
9.69
9.49
9.39
9.08
9.31
7.06
9.56
9.43
7.17
6.98
5.85
7.23
7.96
7.84
7.1
8.67
8.24
6.04
6.72
8.13
8.19
8.01
7.98
8.33
8.06
8.36
8.86
8.65
9.3
9.24
9.11
9.33
7.01
8.86
10.69
10.0
8.39
7.75
6.75
6.85
7.79
8.98
8.42
9.48
8.6
8.69
8.94
5.97
9.43
8.88
8.46
9.3
10.62
8.87
7.45
9.89
9.08
8.93
9.24
9.4
9.48
8.86
8.96
8.72
7.97
9.6
4.99
8.54
9.63
8.63
9.52
9.22
9.68
9.38
9.55
8.02
9.89
8.68
8.82
9.44
9.67
10.92
11.25
9.68
10.69
10.6
10.53
10.35
9.15
10.76
11.69
10.35
10.11
9.72
10.06
10.98
9.07
8.3
8.76
8.88
8.89
9.73
9.47
10.51
6.86
9.11
9.79
8.41
10.1
8.67
10.24
9.78
7.65
7.59
11.4
10.36
9.97
10.11
7.25
8.51
8.52
10.7
7.84
6.06
8.63
9.64
7.66
7.74
6.78
8.47
5.92
9.66
6.55
7.94
10.27
8.24
7.49
7.69
8.77
8.12
7.62
8.39
6.92
4.9
5.31
6.09
9.6
8.84
9.23
10.33
10.15
8.96
8.3
9.34
8.55
8.67
9.86
9.34
9.09
