1143.23
688.03
748.16
957.94
694.39
878.88
680.46
954.2
1017.15
924.36
960.32
674.87
830.48
1228.0
1341.4
1330.5
1016.83
846.36
932.39
756.38
800.74
681.93
681.77
841.79
694.54
678.15
1164.26
860.41
833.5
775.81
722.21
1022.97
1235.58
1015.98
1242.54
1066.87
898.35
1406.27
800.91
972.64
1487.75
944.81
711.95
931.99
1153.66
745.06
964.56
721.52
819.08
1282.04
917.13
943.53
960.28
932.25
963.65
847.76
1082.65
1220.68
1383.9
1322.18
1703.18
931.14
1103.21
1200.51
1693.72
1850.78
954.0
1715.41
1070.06
880.51
1361.25
1349.66
832.62
988.53
908.49
892.11
860.91
1011.28
743.95
1255.36
836.83
876.84
1118.67
1296.27
969.85
1116.99
1126.14
966.09
1040.57
807.56
1033.77
752.23
883.86
758.23
1221.62
1308.73
1071.93
1147.87
862.13
1001.8
909.93
704.23
1403.95
913.83
963.67
1440.09
806.18
1020.8
1297.99
814.12
899.29
1061.19
960.23
681.24
829.25
1047.87
1008.32
809.17
682.55
1282.12
1166.58
673.42
1118.62
671.86
677.31
917.7
1093.34
1189.04
1069.17
1208.94
871.06
821.21
851.37
672.79
775.14
1013.29
845.28
821.37
1515.65
1058.29
759.41
898.36
1065.9
704.79
1181.46
707.36
798.11
1022.76
673.76
1343.44
672.71
1064.24
960.41
1145.11
665.74
667.45
1480.04
1433.16
762.48
665.85
1418.05
749.25
664.01
1152.19
1040.98
1066.2
932.7
669.79
687.36
926.65
1449.08
792.66
1113.25
893.27
796.04
696.73
676.95
681.02
697.75
705.69
1015.82
858.86
985.76
721.45
903.92
869.79
721.7
1088.33
1028.18
853.86
946.77
708.54
907.08
929.87
1131.63
879.57
867.06
755.34
865.41
1532.6
850.2
1005.1
952.15
888.22
1102.53
964.2
848.54
892.65
1115.29
1415.59
962.48
1084.83
677.17
965.12
685.3
836.78
1276.82
774.39
1245.29
1000.3
665.5
1022.86
911.52
757.21
1033.55
673.06
1096.3
940.73
1028.95
665.24
1030.12
739.56
921.32
1357.44
668.68
958.85
1027.36
827.29
668.16
669.77
855.44
672.86
1000.52
694.48
1051.52
1090.02
762.86
990.49
771.51
1069.97
858.28
670.6
766.43
892.97
954.11
820.25
2293.63
962.3
853.15
665.77
987.76
1066.99
1172.07
1190.55
661.34
681.09
909.7
672.72
1454.94
1578.64
897.99
673.41
672.46
1046.48
1238.94
684.42
699.63
695.37
675.97
744.14
1183.17
673.99
991.85
1015.45
878.31
1427.87
666.59
1161.06
1243.62
678.37
1084.38
673.56
707.49
820.26
1043.78
734.27
1309.33
718.7
1143.86
910.84
675.9
1417.72
1448.17
916.12
917.58
847.29
793.39
1086.21
831.18
1189.48
684.49
958.23
1585.87
827.39
711.93
670.38
1700.11
1108.7
1077.19
1130.69
1544.51
800.59
975.94
849.39
887.42
784.34
908.21
968.57
1352.73
775.45
668.48
910.07
812.31
670.01
837.94
1185.94
689.71
827.19
817.18
1499.07
801.72
799.87
963.86
669.1
662.88
1233.04
830.53
804.1
1103.66
1320.65
1198.91
862.22
1556.89
1104.92
1079.15
1013.34
1064.91
1575.82
810.81
791.66
668.04
1427.2
1047.88
1025.85
1580.35
1288.24
1281.83
915.32
827.49
681.24
1362.17
783.21
1066.76
1094.14
869.99
1190.92
1601.08
868.19
1025.36
1308.49
1371.06
909.2
905.35
1115.9
767.82
1477.15
1230.37
820.92
1066.05
1202.45
1218.65
1669.61
1261.92
1160.45
1174.21
750.88
677.21
1364.81
998.01
779.42
1093.46
881.15
851.09
996.44
1410.62
721.82
1041.58
1329.8
1094.21
746.88
1295.84
1702.04
741.19
947.52
1026.6
748.17
1082.97
749.54
909.28
893.46
1251.69
1849.82
804.58
811.13
723.52
678.14
882.22
866.63
1301.31
816.71
980.4
932.3
1151.23
1142.88
1157.91
943.03
907.29
982.91
1378.04
921.65
1338.73
864.03
756.02
670.04
887.1
860.5
1003.48
1449.81
1248.05
810.29
1115.33
1105.19
678.97
963.21
808.78
1237.49
956.8
951.09
818.32
894.34
887.04
673.5
933.96
941.66
667.28
801.44
1359.81
667.87
670.3
667.41
965.14
679.67
665.06
886.37
671.29
936.64
723.1
973.3
730.24
804.1
1018.34
1350.39
791.54
667.19
1506.25
1090.17
726.08
862.48
811.34
972.9
1144.35
1119.3
1834.66
1103.84
1259.2
1138.06
1515.07
670.58
671.04
1100.43
827.77
668.84
852.52
869.4
957.74
1167.94
913.55
1124.26
667.63
1011.68
733.89
1269.61
1273.73
674.38
1041.48
1003.37
854.42
1156.42
989.84
863.51
1074.69
972.6
792.96
776.35
1213.18
858.74
742.63
866.32
966.92
672.1
693.83
715.88
1082.95
812.88
849.69
940.6
848.82
745.72
883.41
1001.9
757.72
923.86
666.13
981.47
1223.28
1206.54
1180.79
971.96
1318.52
824.42
746.08
871.16
1923.2
1116.18
787.53
842.26
773.76
798.5
669.99
1169.5
860.19
810.75
678.83
828.89
1006.03
836.79
1236.48
671.36
1069.86
1030.04
983.35
768.57
670.27
1371.59
664.41
915.36
681.07
943.04
828.98
1026.46
1855.41
1046.78
680.89
899.91
789.61
683.28
1161.83
909.51
1074.41
942.16
688.59
702.49
1157.29
795.22
975.81
1000.15
1239.37
799.32
953.59
1059.74
1040.16
770.58
1030.68
924.35
1023.1
1147.49
661.74
1274.06
840.71
809.76
697.7
1169.61
896.66
1011.31
1361.16
809.06
924.49
1149.17
862.7
1323.8
972.89
859.7
886.59
855.59
838.05
669.39
867.74
1209.68
671.26
1284.29
1136.9
896.21
1228.92
655.1
668.11
880.37
658.68
1360.13
927.98
810.74
1158.87
762.23
932.41
657.09
767.02
932.06
659.02
1241.75
1073.79
975.83
718.89
995.7
1180.71
968.39
1067.43
873.62
889.58
690.79
880.55
1028.91
863.44
872.13
1048.22
786.08
1064.43
1504.43
672.71
956.3
877.07
1059.17
671.47
670.39
1236.92
671.2
957.78
727.34
786.36
766.41
910.52
1181.79
1098.76
736.79
812.87
670.98
972.13
925.17
972.7
663.47
866.09
812.43
667.43
747.34
999.35
1035.93
1542.14
978.08
1260.14
1042.22
738.06
885.71
1294.03
916.09
1188.35
1044.25
1071.45
1525.64
1492.68
918.7
1302.79
814.1
2630.98
1256.02
948.9
861.17
1581.61
1011.47
960.11
849.43
803.23
867.54
1709.1
946.09
952.36
1063.44
678.46
659.09
676.22
880.85
790.31
1029.35
798.1
813.89
851.13
818.16
937.52
904.03
888.87
1020.08
694.54
696.6
993.69
867.73
729.42
1086.17
677.76
1308.98
672.61
1168.3
664.56
686.53
942.72
1248.17
1147.5
691.66
836.04
853.32
972.7
1255.85
852.09
827.59
1067.8
1187.17
781.96
1028.35
698.98
675.66
684.84
854.45
689.55
1024.43
676.47
672.15
867.32
670.45
1390.34
1623.65
949.81
1429.34
828.15
926.54
809.94
1233.19
866.69
871.15
930.3
1365.61
1182.91
901.89
1243.69
805.3
1034.92
664.88
1293.93
690.67
697.44
1673.61
1515.62
670.1
924.24
1079.52
959.83
1082.25
797.86
675.55
680.32
752.81
667.07
885.82
1038.75
1251.38
1163.29
877.31
978.53
883.35
793.97
1946.96
1113.25
1119.31
795.21
1196.51
869.19
1041.19
837.49
673.75
848.58
875.96
3240.4
719.57
965.46
712.15
992.63
1098.61
816.38
661.27
1110.71
914.63
669.56
706.76
853.68
953.98
710.53
1060.23
858.73
1081.24
737.67
674.23
1321.04
1327.93
831.63
848.43
1074.94
990.83
672.16
937.5
663.43
698.83
1497.94
1106.6
1205.74
880.54
1493.98
715.77
1085.42
699.74
704.39
1138.81
984.14
1834.62
931.03
1148.29
1175.67
981.86
874.38
870.77
824.37
1004.49
871.44
952.27
741.11
882.04
808.93
1275.57
792.06
765.5
892.25
774.88
812.75
1183.11
663.78
975.46
885.69
1678.35
696.38
1871.85
1457.82
1237.93
1317.05
790.84
1375.91
670.7
958.38
979.76
854.51
887.82
697.03
855.1
1090.29
835.02
1037.57
1620.64
879.89
869.64
1157.02
845.15
869.11
688.77
1066.38
1191.1
791.41
1073.63
1163.73
1005.65
1300.93
1744.9
990.91
1024.95
1000.48
933.45
1000.2
1014.68
850.59
1345.8
1296.3
1377.24
1008.48
949.33
1002.67
1537.99
1210.89
734.42
915.27
1044.25
716.56
1583.85
685.46
840.18
1129.37
1005.65
663.03
1125.01
683.14
666.53
819.74
1184.06
702.51
712.14
1020.21
1181.91
867.72
1175.92
2000.59
962.42
1350.61
906.91
864.62
869.35
869.7
700.45
1126.15
1105.58
892.82
1385.99
1032.44
903.95
940.56
1097.04
1043.05
1963.45
1126.08
1014.45
661.6
668.23
1114.03
656.5
933.6
856.62
941.86
833.8
660.4
993.98
674.18
662.55
893.27
937.9
998.69
1153.23
732.06
1115.38
1149.75
1300.71
