3627.11
7099.91
3843.38
2928.25
1020.37
2894.44
708.83
741.88
2323.18
725.54
2536.09
2646.85
2282.52
712.1
3114.74
2049.67
3889.8
3735.44
2428.79
716.93
712.74
738.29
2507.94
1886.3
748.47
748.26
2359.7
2724.3
2861.11
3292.99
727.96
3182.76
2246.23
3828.69
2112.79
3304.41
2773.68
2101.82
747.81
3162.93
1724.51
1471.09
699.44
5242.53
3467.07
3422.51
714.14
711.31
1422.64
3224.6
709.0
4176.98
2038.22
3618.71
3127.59
3238.72
5011.0
4476.65
3660.89
2891.36
3088.8
1720.95
4646.28
2586.27
2582.81
1587.42
2605.38
1686.9
2525.49
2660.62
725.46
1934.1
837.65
3503.21
7863.5
703.23
718.37
1481.71
2825.82
5090.82
4009.67
4189.42
2761.0
2231.28
3333.81
4515.15
3114.66
713.6
2561.53
790.16
2402.45
713.01
746.23
753.05
3023.24
1751.07
1567.11
2989.49
3153.88
4585.68
4944.35
3043.8
3445.37
3065.18
708.05
2187.62
697.49
705.51
4639.97
721.13
713.88
3393.24
2699.38
711.75
2620.34
2554.94
3820.6
2695.22
873.68
3788.99
714.55
692.83
2188.4
701.91
726.89
4329.14
2150.57
2850.31
704.85
3393.74
788.2
3125.53
1452.95
706.95
4190.69
1840.3
719.79
787.22
3986.15
2194.36
2269.26
2571.23
3798.11
731.69
707.07
708.36
2975.71
1611.16
699.44
1761.55
709.29
2586.46
4011.65
1631.28
709.21
728.42
2266.16
2803.05
707.66
720.53
2384.73
1231.05
2026.04
2208.51
2552.31
4298.22
3057.09
708.17
3459.73
2018.46
2601.14
1920.86
1955.92
2047.98
2049.46
2187.47
710.25
708.9
2709.6
3081.08
3108.22
2620.26
5399.86
3761.11
1745.41
3390.73
3206.8
2641.04
3757.94
1834.18
3340.26
703.04
2887.12
1914.92
5329.85
1659.09
3167.65
1411.93
3148.94
4026.15
1747.77
706.3
2725.86
1827.81
2579.05
2799.48
4001.2
703.8
3369.47
2279.87
2349.62
1555.2
734.75
5159.69
713.95
2624.54
2923.05
3557.66
2802.92
3848.51
702.49
3235.39
3833.77
3472.63
707.44
702.53
2880.6
711.71
1899.79
706.35
1807.25
2345.72
2721.73
700.4
705.74
3258.3
2206.75
3048.3
1778.58
735.59
1339.32
707.18
3651.69
4143.74
772.48
2799.84
3053.13
2099.84
1492.78
5222.97
3251.95
739.24
3163.97
5505.18
1620.58
1942.98
3864.1
3944.88
3540.66
735.51
2465.88
709.23
5840.9
710.3
5368.92
714.97
2584.95
701.74
2549.86
6300.89
2695.32
709.85
2630.58
1519.84
3128.46
713.47
1006.28
2928.86
715.38
4650.38
2977.55
726.55
715.26
2495.86
2353.66
714.0
1647.35
3535.15
3025.73
721.72
4286.54
4392.49
1573.03
1962.06
4098.64
2130.17
7928.11
713.12
2982.55
3582.37
701.12
1209.28
2944.1
2733.33
1411.38
4590.51
3160.45
2750.66
988.44
4858.7
786.55
2271.89
741.11
716.72
2855.57
808.19
722.67
2832.01
3845.63
2964.47
721.72
2236.68
1925.15
1653.09
709.91
2260.92
2723.87
4768.98
1785.88
2990.94
2738.93
2416.18
2074.0
726.5
716.77
3483.41
694.39
2141.57
3657.32
2750.67
2060.59
3740.04
2819.75
697.97
711.03
703.82
2150.92
3729.15
4656.86
2656.91
2082.94
4585.39
1705.1
2436.12
706.63
3518.06
3024.48
5277.83
1868.62
4623.65
748.78
2864.31
3159.24
1492.88
3526.84
2598.86
730.59
2481.35
751.84
826.21
2398.37
730.61
2157.52
4919.41
754.48
2387.49
2829.92
710.45
3710.22
1867.09
2235.24
1628.88
2667.47
4426.99
716.42
2802.88
2630.19
722.69
2601.46
706.86
1640.5
3136.43
709.84
1778.94
719.42
693.49
714.57
1768.14
733.24
2054.85
3137.07
701.66
1539.37
2819.63
7618.05
702.33
712.82
2975.18
4133.18
700.2
3235.78
1715.84
710.52
1413.58
1464.74
707.48
2845.93
901.02
810.14
2260.86
703.73
1892.85
1688.88
715.92
693.38
743.88
709.22
774.55
1898.51
701.47
2858.11
2138.27
705.52
4368.81
697.4
2575.82
2475.8
2070.86
2056.92
719.53
734.21
3045.25
712.15
2487.03
2402.21
2664.97
3823.86
3127.12
2076.94
3250.87
3169.52
4130.37
715.13
3230.85
2211.61
3810.24
2433.62
2014.47
2049.81
2442.63
1826.43
711.2
2548.92
1929.54
763.57
4161.2
1834.46
705.66
1998.27
697.29
1420.71
716.25
703.09
715.15
730.64
2519.01
707.61
3136.67
2294.23
3816.21
1920.61
5452.55
3381.33
717.6
698.69
3840.82
703.71
1995.43
724.59
2918.43
2440.03
700.03
2985.17
3026.78
3627.87
2886.31
721.14
700.32
711.21
2338.76
5692.36
700.42
2991.62
2839.6
4515.15
2680.81
1761.01
3257.19
2620.71
2992.96
1972.01
3410.72
2458.24
796.31
2493.03
734.95
5241.25
2267.79
3258.39
749.63
2580.0
5302.72
700.96
707.11
1361.76
3733.04
716.72
5196.84
3188.62
2422.65
757.86
2890.63
707.91
4402.87
1860.2
4712.89
2551.97
1801.82
2263.41
718.0
2456.81
2820.49
714.87
4150.31
3133.13
3872.34
1372.87
2233.37
3298.48
774.21
710.81
691.17
3991.34
718.93
2296.42
707.19
724.52
2815.28
717.49
3190.52
2184.39
5315.26
727.57
3344.41
3287.09
2750.77
2628.4
2765.96
3101.27
702.89
3569.62
2922.98
719.81
706.39
698.42
1783.54
705.41
5362.26
3995.7
2237.26
3544.97
1545.55
743.21
1756.31
2497.56
702.32
4004.61
2982.81
3216.17
2209.28
727.65
9484.43
1541.88
2243.14
2149.03
3319.25
1773.22
1912.26
2914.26
2232.48
2150.34
4131.16
3148.47
2510.66
2933.86
3362.21
707.28
2519.98
1256.68
2665.59
704.67
3043.85
704.27
3608.1
775.92
2426.03
2442.59
2487.51
1690.1
2887.97
4178.06
1498.02
3774.44
2157.88
5806.13
731.31
4403.79
2949.21
2142.32
724.81
3177.12
746.77
2741.2
2598.47
708.36
4587.22
731.51
3804.31
2635.9
1124.81
3107.27
3568.42
4478.87
1706.0
2078.3
1954.07
741.78
3695.77
2847.87
1943.64
735.95
2378.47
2627.34
5654.1
2431.25
2177.04
1613.68
702.46
708.22
738.38
711.99
727.52
5056.15
1273.19
5081.41
2147.24
2354.41
738.23
3344.08
3963.4
713.31
1696.33
3142.16
719.99
701.85
734.84
3877.74
755.47
4413.89
2895.62
4767.69
719.01
1101.27
730.94
2380.79
1520.86
2873.65
711.85
3088.68
2203.91
712.37
3158.12
3580.49
702.6
737.02
2695.0
3012.5
739.08
777.71
3229.13
5224.19
1703.58
4575.59
3114.56
697.13
1794.65
2804.2
8933.77
739.74
736.42
2562.79
709.11
1682.06
704.76
2591.02
743.79
3628.22
2132.94
3335.19
3673.11
3143.02
716.8
2804.88
5167.34
2666.52
740.4
745.34
1218.48
3633.09
3026.3
2093.91
719.51
3298.39
772.26
3140.23
737.84
4567.48
2297.56
702.2
1745.7
712.67
707.18
710.75
698.76
713.43
3580.91
1005.56
1009.39
710.74
757.41
1631.04
1815.73
717.29
710.71
1385.6
727.25
2475.05
2981.44
1537.17
1981.83
3228.82
1518.26
4770.72
718.38
718.1
1732.75
700.88
4531.95
749.21
3524.72
715.27
708.19
2966.61
700.91
4055.62
3093.53
1729.27
3657.6
3167.28
2334.79
2309.63
2148.99
747.37
752.73
3635.65
8352.72
2849.64
3004.68
6073.45
4451.25
2148.51
746.01
3859.32
706.2
2082.03
3582.49
2589.59
1777.16
2722.57
1635.33
1320.18
4281.74
3093.85
835.12
2880.14
821.85
775.5
1028.73
1873.66
4555.72
3011.06
1713.12
1756.34
4402.62
4367.33
5298.26
3293.41
3458.96
1795.25
1475.33
762.21
5479.96
2634.73
767.85
2091.25
3186.27
2743.42
787.57
917.51
3787.49
1529.23
2943.94
2137.7
765.74
821.23
2062.1
2040.3
730.14
2405.9
1398.31
1992.12
6168.19
3003.52
3360.35
715.01
2014.99
4323.13
3312.56
2163.25
2133.76
3836.58
1477.08
711.69
2626.45
715.08
760.61
1872.29
2015.16
3289.37
2599.47
1713.03
706.4
3465.62
2823.37
977.64
3011.52
1834.51
2639.15
2083.06
1820.17
2520.32
3040.65
2791.62
787.64
712.42
2074.44
733.11
4311.2
703.43
706.2
5533.69
1982.41
1817.07
2927.75
5887.4
710.27
2585.26
2634.81
2106.3
2225.49
699.38
2888.65
724.09
4625.09
708.58
2220.82
704.7
1201.17
2861.23
4732.75
1848.58
2155.06
3275.39
3819.83
3114.03
1454.32
3313.79
2212.03
1444.55
3616.28
3230.96
2404.63
702.01
1914.08
3199.52
708.93
2684.74
3235.33
3566.02
3194.26
3897.21
3234.81
1764.46
711.64
1612.84
696.76
703.76
2375.41
2335.31
2303.14
2148.89
3303.81
2650.42
2500.12
2455.1
2352.13
3470.63
1919.68
1752.76
721.38
709.69
2657.91
715.17
2207.86
716.68
713.35
1894.81
2004.29
4029.82
3170.01
734.94
706.65
717.62
707.33
718.95
716.36
2011.12
1681.53
2568.41
3653.42
4199.72
2918.23
2384.95
1584.59
3629.58
2201.95
3589.74
3130.94
3938.83
3166.9
1874.13
715.54
2481.17
3196.51
2499.99
3574.57
702.43
1740.41
2617.99
3427.73
719.29
711.95
3230.35
699.5
2730.96
818.96
715.34
1536.9
703.25
1985.05
724.88
704.95
2674.71
2177.22
1707.52
1824.07
716.74
3898.33
4665.6
3974.76
