8.84
9.45
8.55
9.14
8.83
9.44
9.59
9.15
6.86
10.31
9.04
7.72
8.97
9.14
7.92
9.23
7.66
10.3
10.03
9.59
9.7
8.77
7.76
6.82
8.11
9.99
9.75
12.09
9.82
7.8
9.02
9.34
9.42
10.46
9.94
9.44
9.3
9.81
10.12
7.84
9.93
9.91
9.77
10.04
9.87
10.05
10.18
10.01
8.65
9.89
12.84
10.67
9.97
9.64
10.36
10.27
12.73
9.28
9.93
8.01
9.6
10.13
9.06
10.29
9.59
10.12
10.21
5.64
7.81
10.23
9.82
8.87
9.45
10.33
9.9
9.28
10.15
11.21
9.71
10.81
10.99
10.18
9.07
10.12
10.21
10.56
6.92
9.96
9.83
8.18
8.89
7.07
7.8
7.0
8.93
10.03
9.71
9.98
11.28
9.48
9.42
9.46
9.64
9.88
10.38
11.89
9.77
10.13
11.28
10.46
9.3
9.28
10.86
9.93
10.27
10.57
11.21
10.16
6.83
10.38
9.5
8.77
7.9
8.14
11.97
10.45
11.15
9.72
10.6
9.29
9.69
10.81
6.06
8.23
10.32
6.88
9.23
10.33
10.93
10.58
10.12
10.61
9.77
10.15
10.91
11.33
10.64
11.08
9.62
10.06
10.22
10.56
10.52
9.73
10.58
10.34
9.85
12.11
9.52
10.09
9.32
8.16
11.72
9.98
8.49
10.95
9.23
10.26
10.22
10.95
10.69
10.03
9.51
9.37
9.23
11.02
11.08
8.84
10.07
10.46
7.71
10.35
9.72
11.0
10.52
9.66
10.44
9.9
9.56
9.54
9.72
10.48
9.73
9.52
10.91
9.86
10.44
10.78
10.82
9.98
10.61
10.47
10.51
8.17
10.01
10.67
10.64
6.61
10.27
11.04
10.06
9.26
10.88
9.78
10.6
10.38
10.29
9.94
10.08
9.33
8.95
10.38
11.09
9.03
10.26
10.54
10.97
10.74
18265.22
9.44
10.85
9.48
7.78
11.21
10.6
8.18
10.72
9.38
8.69
10.91
10.91
9.17
10.29
9.9
9.25
9.72
10.97
11.49
12.25
12.71
12.79
12.32
12.71
13.36
13.39
9.44
9.76
6.15
7.62
6.72
6.95
8.88
9.7
10.39
10.55
9.75
10.52
9.66
8.99
10.04
10.27
10.32
7.78
9.75
10.29
10.46
9.81
9.35
10.43
10.63
9.64
9.89
10.18
10.64
10.71
10.5
10.02
10.55
10.43
9.75
6.07
7.89
11.3
9.73
55.88
9.48
10.98
9.47
9.75
10.48
9.85
10.36
10.14
10.67
9.72
9.63
9.43
9.34
10.54
9.28
9.33
9.18
9.56
11.36
8.36
11.0
9.85
5.94
11.02
10.11
9.78
9.09
9.61
9.79
9.67
16.77
9.74
10.17
10.52
10.12
10.24
6.8
8.38
9.62
9.59
11.07
9.05
7.23
10.22
10.29
6.75
10.26
10.06
9.63
9.84
6.02
9.76
10.48
10.64
9.06
9.61
10.57
10.54
11.37
9.18
10.91
10.25
10.19
8.94
9.26
10.58
9.86
10.32
9.63
10.36
10.23
10.08
9.99
9.76
9.91
10.13
9.19
7.11
6.99
6.63
8.1
10.64
7.23
7.35
10.52
13.87
13.34
13.29
9.67
8.64
9.54
9.98
8.6
10.12
10.1
10.47
6.88
10.24
7.55
10.4
10.35
6.31
9.55
9.59
9.63
11.92
11.06
10.82
10.98
10.65
10.64
10.34
9.81
7.22
7.92
7.43
7.78
6.92
6.73
8.79
7.42
8.0
7.25
7.9
7.87
18652.33
8.5
8.65
11.32
7.73
6.81
7.83
9.78
10.12
10.07
10.89
11.76
11.82
12.99
12.86
12.4
13.63
10.79
10.62
10.84
10.12
10.53
9.95
10.57
9.89
8.67
10.79
10.48
10.4
10.16
9.28
10.49
10.14
10.51
10.06
10.59
10.55
9.95
9.88
9.56
10.27
10.18
9.7
10.19
10.45
9.25
10.5
10.39
10.17
8.5
9.97
9.01
10.5
11.58
11.11
9.6
9.35
10.63
9.63
9.8
9.33
9.76
9.3
9.02
9.64
6.91
6.75
9.39
9.41
9.53
9.52
9.67
9.51
10.68
10.21
9.63
8.88
10.27
9.43
8.94
6.66
9.83
9.94
9.73
10.16
10.23
10.6
10.62
10.46
9.52
10.25
10.08
7.37
6.47
9.91
10.94
6.56
10.21
8.48
11.42
9.64
10.5
10.06
10.37
10.54
10.78
10.36
11.68
13.05
8.6
8.06
10.17
9.74
9.81
9.8
10.47
9.83
9.76
10.78
7.82
8.08
9.62
10.31
9.59
10.07
10.1
9.62
9.97
9.78
9.6
9.32
9.47
7.91
10.52
9.88
10.52
13.09
12.07
11.85
10.87
9.52
12.2
11.91
10.16
8.62
9.55
6.79
9.87
9.89
10.44
10.44
10.61
9.96
10.18
10.68
10.4
10.72
8.05
9.65
8.5
10.52
9.82
10.36
10.62
8.23
10.69
10.29
10.18
10.26
10.28
10.54
10.81
10.39
9.85
9.03
9.78
10.29
11.07
10.34
9.67
9.89
9.64
11.12
10.53
9.84
9.64
10.58
9.07
9.32
8.67
8.9
9.59
9.51
7.23
9.2
10.48
9.39
9.77
9.29
10.09
10.67
11.01
11.85
9.59
9.88
10.48
9.61
9.48
7.73
9.32
9.99
11.03
7.0
8.36
7.1
6.6
8.65
11.72
10.63
8.06
12.21
11.27
9.64
9.6
9.6
9.26
9.31
8.65
9.1
6.98
8.73
10.03
9.66
9.39
7.53
9.27
9.89
10.19
9.54
8.89
8.84
9.31
9.64
8.18
6.61
7.81
10.31
10.0
8.76
9.63
10.18
9.78
8.17
10.22
10.62
10.75
10.06
8.65
8.91
10.17
8.36
9.7
9.67
9.86
9.79
10.54
10.73
9.88
10.38
8.53
9.02
8.18
8.45
7.79
8.48
6.49
9.22
7.64
8.5
8.22
6.98
8.55
9.98
7.4
9.4
9.85
5.65
6.82
8.28
8.53
7.48
8.11
8.2
10.09
10.89
10.68
10.15
6.68
9.15
8.38
8.78
8.62
8.26
8.12
7.15
6.66
9.25
6.39
5.77
9.1
9.96
7.0
9.8
10.05
10.16
9.2
9.87
9.59
9.47
9.13
9.92
10.99
11.43
11.13
11.42
11.76
9.89
11.71
9.4
9.24
10.28
11.06
8.83
10.14
12.58
10.69
9.91
10.92
10.58
9.29
8.1
8.55
7.72
9.71
10.67
10.04
9.18
10.32
9.32
11.88
10.78
8.09
10.45
14.05
9.85
11.3
9.54
11.62
9.55
9.54
10.47
9.89
10.12
10.19
9.07
10.17
8.31
7.91
10.95
10.0
9.66
10.6
10.85
11.34
11.6
11.25
10.5
11.77
10.53
10.84
9.58
10.31
11.52
12.61
11.06
13.4
11.05
10.19
7.48
9.74
11.9
12.67
11.5
9.54
11.81
12.49
9.38
11.31
10.72
9.65
10.87
10.68
10.55
11.47
8.29
9.54
10.58
13.07
10.4
11.58
11.1
12.39
9.91
10.18
12.49
13.09
11.88
7.49
7.95
8.08
7.92
7.98
8.21
8.27
7.62
10.26
11.54
8.01
7.26
7.75
7.68
7.89
12.83
11.17
11.74
9.46
9.69
9.72
11.09
5.97
8.86
7.78
13.52
6.68
9.22
10.03
9.38
9.42
9.74
10.69
10.36
10.89
10.91
10.25
10.23
8.56
7.86
8.13
9.64
9.17
10.81
7.8
10.57
10.86
11.46
9.92
8.46
10.03
10.04
7.27
7.12
10.02
5.53
10.53
8.77
9.37
10.34
10.91
7.5
10.12
10.95
9.71
10.43
11.09
8.39
9.41
9.68
9.96
10.94
10.71
11.08
10.02
10.51
10.32
10.98
11.21
10.96
9.88
9.75
9.21
8.82
11.24
8.66
9.46
8.43
9.9
10.24
10.82
8.75
10.7
9.81
10.27
11.91
8.62
7.65
7.84
7.46
10.3
10.98
9.95
10.95
9.68
9.91
9.45
9.98
6.33
9.83
9.45
9.1
10.54
9.35
8.36
8.16
9.14
8.44
8.47
10.2
20.18
9.89
10.07
10.11
10.45
10.41
10.25
10.74
10.0
10.5
9.89
9.91
7.47
10.81
9.72
10.12
10.35
10.03
9.78
10.25
10.26
7.82
11.08
8.58
10.44
10.14
9.84
10.16
10.48
10.37
10.9
9.87
8.17
8.76
8.87
11.11
9.6
10.85
9.81
10.11
10.21
7.7
8.65
