9.14
10.23
9.72
10.16
7.56
10.03
7.82
8.12
6.29
7.45
7.46
7.83
6.84
7.0
7.06
9.18
8.95
8.16
9.8
9.31
8.91
9.64
9.31
8.33
10.28
9.64
9.32
8.13
7.56
9.51
9.23
8.04
8.44
7.87
6.92
7.64
9.32
8.53
8.66
9.48
9.02
10.08
9.15
6.42
9.2
9.72
9.74
9.11
6.89
7.54
11.98
8.29
10.09
8.5
11.94
7.22
10.53
7.42
8.12
11.25
8.79
9.81
6.5
10.48
10.95
9.86
11.36
9.77
9.39
10.09
9.68
9.84
9.84
9.26
7.94
8.65
9.39
10.76
9.03
12.3
7.25
7.16
10.72
13.55
11.03
10.58
10.62
12.67
12.32
9.96
11.94
9.74
8.23
9.64
10.73
7.27
10.24
10.7
8.97
9.6
9.7
10.58
10.92
10.85
9.12
11.0
10.0
9.32
10.04
9.6
9.72
7.64
5.66
8.62
9.25
8.37
10.57
10.81
13.0
10.66
9.15
12.88
13.42
8.03
9.03
11.8
12.1
11.91
11.46
10.94
10.36
12.06
11.2
11.89
10.06
9.85
10.59
10.08
10.52
10.7
8.69
8.23
10.37
9.24
8.85
11.75
12.49
12.11
11.18
6.67
12.72
9.46
11.55
12.79
10.17
11.89
12.07
11.63
11.45
11.63
10.72
10.08
7.71
10.91
7.51
8.08
7.64
9.16
10.0
10.81
10.56
7.59
8.05
11.44
9.26
10.2
9.39
9.85
9.25
10.57
7.83
7.5
6.84
7.06
7.1
10.57
9.97
11.1
10.37
10.51
10.66
10.5
10.18
5.65
8.26
8.21
9.35
11.71
11.11
11.6
8.1
8.96
6.96
8.32
7.12
11.8
10.44
9.62
9.76
10.33
10.97
10.71
9.15
11.02
8.29
8.35
10.12
10.27
7.77
7.67
6.27
6.37
10.86
7.82
10.11
7.31
7.4
9.01
32830.8
10.11
10.56
9.67
9.45
10.19
9.43
9.55
9.49
8.94
10.33
9.86
10.58
9.78
10.85
8.88
9.47
10.32
10.49
7.4
10.19
9.74
10.28
9.78
8.36
8.61
12.11
10.35
10.87
7.78
9.48
10.89
10.05
10.87
11.25
10.08
7.57
9.15
7.98
10.57
10.43
8.95
11.08
10.85
10.09
9.27
10.61
12.03
9.94
9.05
8.51
9.6
9.99
10.06
10.75
11.1
10.31
10.92
7.89
7.15
7.45
10.14
11.2
11.11
10.1
10.75
52.34
10.35
11.61
10.5
10.04
11.33
8.72
10.62
11.41
10.64
10.63
10.72
10.57
8.99
9.26
6.47
9.57
10.12
10.94
10.57
7.23
9.83
7.91
8.24
11.88
9.04
11.96
10.4
8.32
8.0
10.91
25.16
11.88
12.9
10.6
11.68
11.17
10.37
10.99
10.81
11.22
10.17
11.36
7.74
10.65
8.52
10.43
11.73
10.7
10.72
9.83
9.72
9.91
11.09
11.8
11.07
11.01
9.89
10.09
10.74
11.09
11.0
11.06
9.61
8.85
10.98
12.17
11.16
10.42
10.21
9.43
10.15
10.17
9.6
8.74
8.46
11.24
9.22
11.31
11.11
10.38
9.68
7.74
10.25
10.16
10.03
9.99
9.81
7.08
6.08
10.97
11.53
10.51
6.9
5.89
9.23
9.01
8.87
7.71
8.07
6.67
8.83
10.36
9.14
10.42
11.34
10.03
9.84
11.19
9.04
11.09
10.17
10.38
10.83
10.13
10.79
10.87
10.4
10.35
10.85
12.84
10.84
11.45
10.04
10.93
7.23
18556.12
6.66
10.26
11.16
8.39
10.62
10.21
11.55
9.28
8.46
7.42
8.8
6.79
9.77
8.89
9.99
9.52
9.33
9.27
7.68
7.63
8.81
11.07
10.89
7.51
10.26
10.56
7.42
8.31
11.25
6.27
5.71
7.43
8.01
9.46
10.83
8.66
8.85
8.74
9.61
9.97
11.27
9.68
11.02
10.88
8.02
7.72
8.45
8.53
8.12
8.51
8.69
8.47
11.44
11.84
11.05
10.88
10.62
10.94
10.11
10.44
10.99
11.06
10.87
10.23
10.98
10.52
6.28
9.97
7.72
7.63
11.27
10.19
11.12
9.92
10.79
8.97
11.01
11.26
10.41
11.05
7.79
7.85
10.72
9.88
9.65
10.15
7.15
10.96
8.82
9.78
10.51
10.49
10.92
10.66
8.13
8.71
10.54
10.07
6.95
8.54
8.89
9.99
10.93
10.12
10.58
8.36
7.25
11.34
10.13
10.75
10.77
10.37
10.67
8.35
10.59
10.48
10.97
9.8
11.39
10.84
10.13
10.12
6.86
11.34
9.52
11.7
11.09
7.51
8.81
11.16
11.58
10.98
10.08
10.88
11.2
14.85
10.36
11.08
11.17
9.07
11.13
10.94
12.06
10.75
6.62
8.39
7.16
9.68
9.55
6.84
7.2
9.4
9.22
8.09
10.82
9.72
11.16
9.25
7.44
7.16
11.24
11.06
9.9
10.79
10.43
11.18
10.51
10.57
10.05
11.0
8.61
7.49
7.8
8.65
8.03
7.25
9.45
7.44
10.15
8.83
10.44
9.21
10.8
7.21
8.69
11.23
11.24
10.88
9.97
9.33
10.74
10.4
10.3
9.68
7.93
10.33
6.37
8.24
8.96
6.12
9.34
10.66
10.86
10.62
9.53
7.35
7.79
8.1
8.94
8.56
8.12
9.09
7.51
9.81
7.4
8.55
8.12
10.34
10.45
9.68
10.07
11.45
11.64
9.48
9.84
10.09
11.52
10.54
11.57
11.13
12.22
10.77
12.09
11.93
11.8
7.9
10.44
11.45
9.9
9.37
8.89
12.01
11.21
9.81
11.26
10.42
10.94
10.03
11.03
8.93
10.77
8.05
8.82
8.59
8.97
8.72
7.83
8.51
10.11
7.48
8.32
10.31
10.96
10.47
10.87
11.49
8.28
11.35
10.22
9.63
9.06
11.67
8.99
10.35
10.54
11.01
8.96
11.29
9.03
7.44
8.74
11.01
11.52
7.16
7.83
7.88
10.63
9.81
9.68
7.45
8.69
10.08
9.27
13.65
9.92
12.21
11.81
12.61
12.29
10.86
12.64
13.16
9.0
9.72
11.04
14.45
11.39
11.81
10.0
11.27
11.02
10.75
8.52
11.69
11.37
11.19
13.21
9.0
7.62
8.15
10.09
10.4
11.27
11.42
11.05
8.34
11.15
7.13
7.49
6.24
7.43
10.02
6.65
8.3
8.03
6.93
8.07
8.17
8.02
5.9
9.04
8.73
9.0
7.35
8.54
6.35
6.93
10.7
8.44
10.21
9.45
10.16
10.71
10.37
10.66
10.76
10.0
10.08
10.13
10.34
9.1
10.63
10.62
10.43
10.99
6.54
10.37
11.66
13.22
7.64
7.78
10.16
9.9
9.89
9.52
10.06
8.33
11.05
8.33
8.13
10.29
10.81
6.57
11.22
10.79
11.13
8.55
8.64
9.13
7.46
7.81
11.08
10.17
11.48
11.87
11.24
7.84
11.0
11.06
10.87
11.44
10.94
10.82
9.58
5.46
5.86
7.71
10.22
10.29
12.09
9.28
11.43
11.63
11.28
7.92
8.04
6.61
7.8
6.68
10.69
10.49
10.4
10.99
8.86
10.91
8.96
11.42
7.5
10.45
10.87
10.95
12.57
10.93
11.09
10.89
10.6
10.83
12.14
10.19
11.63
9.7
14.36
11.09
9.63
10.5
8.04
7.26
7.26
8.66
11.27
9.14
11.12
11.39
11.08
9.14
11.25
10.14
9.32
8.79
6.76
9.06
7.5
7.09
9.22
8.35
6.96
7.25
8.36
9.17
9.3
9.97
8.3
10.76
11.18
12.23
10.29
10.08
11.38
10.24
10.31
10.86
6.78
10.01
6.67
7.4
7.86
10.54
9.77
7.62
9.91
10.47
10.36
11.02
9.6
10.95
10.24
10.3
11.13
11.15
8.28
10.31
7.84
8.39
9.98
6.84
9.9
8.29
9.53
7.71
10.99
8.99
12.73
9.68
11.06
10.21
11.01
10.86
11.84
10.48
11.83
10.91
10.51
11.79
11.06
10.61
10.17
11.16
11.27
10.86
10.3
10.08
11.25
10.9
10.3
11.17
10.94
19.61
10.16
10.68
8.96
8.0
7.4
10.23
10.18
10.63
10.4
11.19
10.65
11.72
10.24
10.44
10.91
10.98
10.1
9.74
8.94
11.39
10.52
8.26
7.57
8.77
7.91
10.51
8.57
11.44
11.04
10.47
10.09
10.83
11.19
10.96
12.34
10.78
11.05
8.11
10.88
11.28
10.29
7.87
