4240.56
3963.93
3869.64
2003.9
5148.73
707.82
2181.14
2799.96
2645.17
752.24
798.33
3253.12
1909.79
1884.54
3970.0
1594.48
1750.65
2425.46
3398.71
2695.98
3836.96
3833.5
3099.15
3848.84
2756.64
1964.85
2959.73
3086.4
701.04
703.13
1795.61
3457.47
2030.45
1542.81
2297.44
3918.51
2672.97
3165.97
700.92
3196.32
1817.8
2153.92
699.97
3101.34
3306.47
689.82
3468.16
4405.74
3060.0
4802.9
3412.8
3580.29
715.32
2143.88
3682.09
704.17
1853.29
3265.52
3467.81
3227.14
1369.15
2853.7
693.04
712.47
3983.16
689.5
2646.31
2502.63
721.75
2668.86
711.91
2966.61
1840.63
2707.9
2810.82
2916.66
3145.8
3255.34
3661.27
4132.44
2054.64
2701.62
2565.08
1645.57
689.29
5299.56
689.65
4620.13
2464.17
3745.61
3850.75
748.31
1434.22
698.61
2011.98
1983.72
3080.8
3025.63
2607.29
3269.82
2320.14
723.97
2719.6
3930.67
1863.84
3943.74
7450.53
2420.33
4373.02
6085.38
1108.1
8202.13
3265.13
4161.95
2152.71
3673.05
3116.08
3470.63
2282.77
3127.81
3719.11
919.56
7270.38
821.38
4451.92
2450.21
2444.51
711.17
1162.42
3125.58
4425.45
2852.55
2647.12
2597.65
3516.5
692.87
1737.23
734.74
2234.47
2062.59
2582.92
1865.7
3337.88
3420.66
3969.81
2627.06
4190.22
3213.41
710.55
696.43
2689.5
1332.69
3460.6
2928.66
2587.2
3296.36
1750.45
2518.93
2807.53
683.61
3348.88
3663.63
2872.32
5565.05
6087.5
1955.69
3632.3
2621.67
2381.24
2580.17
701.66
2605.26
4273.33
2532.87
2873.12
1780.98
1380.49
1796.08
3490.7
4121.45
3125.23
2610.78
6210.23
2938.3
2801.31
810.71
4010.61
3397.64
688.17
1855.95
3445.9
2503.65
2941.44
5445.06
3096.14
4290.28
742.14
3150.68
702.63
2751.14
1735.98
2543.15
2750.94
687.58
4336.84
3221.62
2606.44
1265.11
3202.65
2623.82
2227.91
692.68
4467.44
3137.93
2857.41
3171.94
3861.47
4054.53
3472.62
2660.65
722.57
713.13
3356.22
2192.55
4078.8
2146.75
1273.51
4033.51
2622.91
2008.05
5762.65
2802.94
2672.23
684.51
702.6
3040.14
1988.16
2683.4
784.78
2819.45
3535.97
4177.14
1823.72
2750.97
3228.55
2137.94
1745.27
8614.16
2186.64
2715.26
3733.52
2547.28
3107.59
4521.41
3793.8
692.63
3440.85
1963.93
2222.31
3213.79
4069.84
4327.07
3898.01
2582.29
692.94
3291.6
686.45
2582.45
1778.35
6095.42
988.0
975.38
2149.74
724.95
2001.49
4345.26
2268.48
2607.05
751.59
3042.23
5195.33
704.95
703.01
2638.25
2534.16
722.7
4380.53
707.22
701.48
3373.02
3600.76
2145.34
2438.59
2198.52
1338.13
3503.37
4604.29
715.1
1722.5
4841.4
2860.88
1664.92
4121.82
1160.17
2034.38
824.8
2627.21
1970.89
2912.9
701.89
2350.18
3693.03
952.55
5522.81
3739.52
5479.5
3941.82
853.5
2032.32
4918.12
713.16
3409.4
732.13
2913.25
4355.46
7311.3
4054.06
3589.58
2822.65
2162.19
5353.58
1890.7
708.95
704.9
2907.04
3996.55
734.82
3488.79
4842.02
2170.2
3337.61
3029.05
1484.27
761.28
2572.21
696.45
2568.64
3341.96
5074.43
2462.54
2052.24
1371.44
696.45
3370.08
2001.97
3650.4
1785.3
3610.17
3885.33
2555.81
3334.92
4516.73
3052.88
2395.01
2714.3
2940.26
2413.93
3190.6
1925.6
3546.62
1802.77
2559.77
3667.11
2526.39
2532.25
3983.31
3058.23
836.88
689.86
694.1
3076.62
4035.39
1351.78
696.92
1883.0
4659.45
1739.66
2065.14
3973.99
704.52
2799.73
698.2
2401.77
3257.86
2455.7
3915.27
4429.17
2610.3
3008.61
2063.52
749.64
1607.44
3567.44
702.77
2740.42
2693.75
1985.06
780.65
2821.47
712.49
1820.86
7045.92
1907.8
4680.23
5012.07
711.51
4382.53
2812.67
4601.13
4050.3
3646.0
4485.75
2825.54
3449.2
3081.7
689.63
1085.05
698.07
3404.33
739.61
1528.71
2142.82
2442.74
734.37
738.75
687.03
3827.58
3197.78
2989.0
3610.33
2328.86
2245.3
2544.34
691.22
2626.95
711.51
706.61
700.4
695.21
2103.89
3720.56
699.12
698.43
3470.09
704.53
732.49
745.83
3332.51
5878.17
2899.08
4548.49
4603.7
688.07
2841.53
695.33
2766.82
2422.91
1991.03
2990.66
707.62
2057.43
3024.46
696.23
4812.0
2305.08
6204.06
2010.04
3378.56
689.75
3395.1
2933.41
2400.02
2709.88
3540.77
3290.56
2690.9
5028.14
2492.59
2676.7
2572.33
2327.24
2422.36
2138.24
3891.11
6132.53
2383.51
2564.17
2712.6
2912.31
719.69
2142.78
3188.15
4038.22
4663.86
1692.78
2672.19
702.06
750.67
1908.04
2689.12
798.86
1271.52
1697.37
1978.67
728.51
3649.19
766.23
695.42
4042.9
2721.97
2799.78
3361.93
703.73
1086.38
698.69
3252.48
688.24
3711.25
3869.86
3353.13
2859.83
2891.72
3523.43
4525.54
4469.04
3718.93
1780.31
2162.7
2062.24
8286.08
6185.33
2500.3
4260.58
710.32
701.66
3371.44
4828.42
2710.44
4143.92
2281.32
2429.29
3063.19
2298.92
2170.1
4449.15
3830.16
12606.15
3280.57
3252.1
2555.36
2628.45
1734.8
2400.05
5682.33
3334.09
2884.42
2709.48
4829.77
4098.35
715.23
2813.92
2709.95
693.93
693.23
704.07
1590.41
709.46
2240.7
3712.3
702.0
2275.32
1892.91
4722.99
697.68
2776.12
696.11
4134.51
2768.74
2206.85
3045.89
2338.16
2519.35
2010.04
3033.2
2269.34
3412.15
3021.08
3231.78
3174.64
1366.2
705.43
2493.17
3230.66
1945.29
2078.7
850.98
1765.15
3692.93
2525.62
3555.54
693.45
3353.19
2928.94
2362.37
3219.83
6020.6
2513.39
1936.84
2886.01
2508.5
711.62
3617.81
3697.89
3738.49
4503.41
3177.54
703.0
2695.72
2876.95
3710.96
2507.22
2210.94
3573.24
1824.98
3476.77
1981.73
4021.32
1476.91
3838.15
2020.61
3023.1
2057.96
2120.17
5425.84
4273.08
3731.58
2260.68
2907.29
1941.62
5181.86
1903.52
2587.88
979.43
4023.81
4402.55
701.39
2150.53
1992.55
2202.77
3713.69
3474.12
2801.44
4581.4
718.11
3766.93
2256.74
738.73
690.45
700.75
705.9
3125.42
1731.37
3932.67
3088.58
2205.69
2288.08
3783.17
3519.02
4104.09
1998.13
4373.44
4345.96
1865.8
2585.31
2760.42
2045.92
2060.3
3167.72
6839.51
3363.07
3887.94
1906.1
787.09
2239.36
3179.28
3261.45
4019.71
2757.64
3945.2
1974.25
3681.37
1757.27
4197.35
1227.75
3040.4
931.1
2373.63
4342.28
2111.49
2767.01
1865.48
2818.69
1165.54
3394.34
4042.36
2572.56
2483.69
2833.29
716.1
1954.87
4029.12
2079.87
3941.43
6191.89
2008.77
4885.55
4947.22
2031.75
685.04
2859.16
2371.36
699.48
4292.96
1652.12
2129.4
2440.55
1492.9
2195.72
1837.01
2560.35
5829.81
2348.74
1378.57
4092.47
3015.73
1828.29
700.2
3742.04
3219.75
1664.28
3103.42
719.56
4815.12
2657.98
1584.06
1948.21
3658.4
1873.14
1803.78
2953.27
1293.6
3087.7
3977.81
2310.62
2018.77
2429.15
1811.52
3967.09
2642.66
1962.31
4873.56
1781.46
3395.29
3152.1
2692.92
4731.22
696.21
2379.34
3557.15
2095.34
3799.99
2128.16
2125.43
4160.27
2464.69
3698.84
1354.72
1568.89
4889.06
3071.95
1777.02
1782.47
1883.66
702.49
695.07
688.19
694.3
3265.88
2644.86
5500.17
4877.52
1850.45
691.96
3728.56
4353.21
688.71
2501.96
3745.24
4247.56
2897.6
735.14
2943.8
701.18
4384.85
3530.92
4635.01
1158.38
3279.69
2327.78
2223.32
708.23
3025.18
1860.07
684.6
4786.91
2187.11
1558.93
2605.87
4483.87
691.43
4701.49
2992.52
5085.49
1903.55
3361.69
3213.44
697.67
2114.68
2152.71
2252.25
1667.73
4016.07
2629.84
3415.69
2534.19
2517.24
5866.83
4191.91
5484.51
2671.65
2107.32
720.32
3091.0
722.53
2720.18
694.94
4025.8
3765.73
5388.81
699.54
3409.96
1330.33
10129.87
2334.37
2248.11
3194.78
4682.78
698.59
698.32
2350.86
3367.94
3123.12
4222.18
2465.21
726.19
3391.25
3301.91
3582.78
1850.48
720.43
6512.58
3366.32
715.71
903.52
5256.72
2180.14
2622.14
4435.72
3173.15
2435.61
2595.9
1641.41
713.61
2389.84
3376.99
4188.1
2561.11
2048.7
3174.54
1644.42
2798.25
3918.28
4248.68
2476.66
692.59
2726.73
5722.38
3371.77
3751.69
1889.37
749.73
2070.15
1581.61
2921.11
2396.09
2710.15
2478.33
710.39
718.3
714.4
2427.14
3373.78
3096.83
719.47
691.95
894.11
775.62
2178.85
2621.39
4105.84
747.5
1994.62
3220.69
1568.39
2175.55
692.3
697.02
721.97
2329.28
2085.63
4000.08
3251.41
688.12
2720.45
688.37
691.75
689.18
701.28
2438.7
2123.26
3176.28
2728.01
2286.14
731.02
2487.55
4419.52
694.32
5750.48
2178.56
3337.92
3450.36
4053.4
751.41
1826.89
2798.89
2574.95
714.79
2624.1
3563.41
7310.76
2019.65
2033.57
2752.7
702.12
2887.85
7243.32
2926.53
1980.0
3205.33
2375.24
712.59
5422.18
696.37
2383.55
2140.48
2134.5
683.79
2513.09
3063.85
2633.03
2523.94
1966.98
7813.04
733.9
1960.44
4840.32
1912.86
4153.88
2803.71
3547.47
