496.04
475.77
2368.03
500.15
464.41
521.02
466.84
489.28
495.03
455.11
464.44
511.63
1950.41
494.95
1720.8
746.57
474.04
866.53
675.76
495.42
802.82
1536.64
14120.9
612.37
469.46
460.59
451.05
539.06
527.69
460.18
1537.8
489.11
483.74
446.3
472.23
2048.01
476.09
453.53
487.17
532.5
568.51
661.08
673.91
477.79
459.73
478.59
455.62
2240.53
691.05
461.19
538.21
1652.55
484.15
459.99
441.29
460.47
481.1
489.01
492.48
470.31
696.25
679.52
474.91
891.66
454.43
1595.11
1080.12
464.78
465.59
459.19
633.91
456.58
860.19
870.36
462.62
661.51
442.5
475.22
557.63
501.58
1334.01
544.89
458.68
469.62
546.1
15464.01
582.31
727.0
1727.78
548.79
519.22
1431.62
607.35
458.28
814.18
444.21
558.61
548.09
534.72
467.81
852.87
583.23
547.15
682.46
609.22
653.08
550.84
2645.47
491.2
460.2
869.81
454.16
479.35
449.99
571.99
942.19
1526.01
458.38
596.87
486.13
542.0
456.99
471.94
460.32
474.27
444.43
1583.14
463.62
455.38
1273.94
515.93
1151.25
466.62
1872.69
1778.57
849.55
699.11
1291.89
490.33
1606.63
456.15
650.28
466.39
462.34
447.65
451.6
464.53
457.55
1018.83
478.58
612.12
514.14
641.09
7579.6
464.93
505.85
457.19
445.37
472.76
463.69
465.61
556.62
2094.13
947.32
497.62
1092.51
647.45
454.55
802.18
4348.89
518.85
534.21
472.24
593.89
460.26
457.1
453.54
456.53
2266.26
459.25
616.03
448.43
464.49
628.01
466.06
523.51
445.66
938.63
799.26
482.62
509.52
448.96
458.0
639.66
471.57
456.66
2989.02
547.64
462.52
451.81
450.59
1618.08
531.9
1031.52
459.05
453.61
524.04
615.66
459.7
2050.41
481.31
584.45
555.46
2026.58
563.73
526.24
511.57
445.74
475.42
474.71
463.92
457.15
461.13
517.63
626.57
457.67
663.38
684.38
1154.15
565.7
484.36
498.38
639.04
443.08
447.64
4224.25
501.35
461.98
6040.61
464.11
459.62
444.39
639.47
464.6
1387.75
543.97
535.87
818.7
455.58
456.86
457.66
1118.59
567.36
999.08
505.0
484.49
464.83
1743.47
517.53
456.05
457.89
2808.65
506.05
768.13
504.32
548.01
617.61
448.26
481.9
2945.21
465.06
457.09
530.98
1599.83
634.37
470.45
513.68
472.54
1165.92
638.78
665.76
450.1
808.1
804.72
453.19
500.49
881.04
1576.02
503.11
628.23
574.25
550.78
580.46
465.94
501.21
559.22
461.84
918.93
1738.38
472.73
463.67
528.13
522.05
491.28
453.91
2391.32
629.26
500.08
586.37
472.86
774.94
728.02
2085.65
468.79
499.53
576.78
453.6
645.69
510.86
469.4
1289.23
9523.8
462.82
452.64
449.44
537.08
696.41
457.53
1155.13
1103.89
469.38
463.42
455.09
463.25
588.79
474.89
456.46
472.69
456.3
453.54
478.34
544.14
466.47
455.15
712.55
520.1
511.29
443.88
460.74
461.09
437.84
548.86
451.12
1456.69
769.7
468.57
534.72
5156.49
457.68
509.21
468.94
463.2
925.19
639.66
595.28
607.3
455.51
455.77
459.05
494.51
445.78
793.78
461.09
461.97
1399.42
826.46
1054.37
2816.37
471.0
1655.16
522.92
3225.92
459.4
575.96
872.42
581.24
767.84
483.54
447.1
1013.99
591.89
473.05
515.67
549.78
498.91
559.48
1079.75
502.63
453.18
544.1
505.74
531.5
457.9
658.52
558.96
2092.38
988.5
566.7
455.79
5823.42
476.48
464.7
464.3
467.13
712.48
468.05
542.87
743.02
529.01
1351.86
463.87
450.85
508.67
692.97
462.43
453.87
514.14
455.84
446.8
649.52
562.05
456.32
1555.79
1103.66
458.03
507.94
462.16
464.51
672.42
731.96
880.52
462.21
1494.17
572.6
461.3
455.07
542.46
452.27
483.55
817.81
634.12
460.08
460.77
458.33
476.29
462.79
1066.58
462.75
449.78
562.3
503.58
459.93
568.39
461.04
463.99
2165.65
697.69
467.95
563.39
496.54
453.81
704.35
528.49
558.7
1382.57
462.29
516.34
624.91
1233.22
515.47
3303.52
514.16
691.79
488.04
461.92
563.12
653.27
446.32
463.86
1688.21
542.96
472.85
610.26
451.33
450.78
475.66
981.14
456.19
603.4
451.93
446.51
472.9
504.84
546.41
643.97
1791.41
463.55
2083.93
463.86
607.62
938.55
501.18
527.54
513.97
544.96
555.04
1389.53
537.57
886.82
1309.47
448.14
450.67
1520.87
671.92
470.21
462.38
948.69
463.67
455.82
434.73
729.5
634.34
988.44
604.29
472.04
1251.39
455.82
582.51
525.44
518.95
466.53
465.55
450.37
1058.58
572.42
507.67
640.33
511.1
875.7
1144.78
497.61
618.15
703.2
482.65
967.25
472.23
836.12
672.93
644.85
497.63
746.66
520.4
577.1
458.19
461.54
521.26
464.98
448.79
566.8
2945.73
1373.04
527.21
469.4
460.81
477.55
459.68
571.03
477.65
466.44
454.79
460.16
450.6
523.55
448.25
3390.9
466.19
622.12
550.06
2299.66
474.9
473.91
466.28
475.05
1118.48
453.5
468.58
458.95
632.06
510.19
480.0
499.44
578.22
614.89
598.4
535.9
486.0
446.31
501.2
753.97
450.89
1268.99
1010.07
832.05
481.45
1875.79
904.64
514.38
944.14
486.46
557.8
2226.29
491.29
543.29
554.2
1519.06
682.34
465.13
454.46
480.31
446.5
474.89
467.82
1268.33
796.31
542.07
465.65
465.88
630.07
2458.38
473.7
501.31
474.67
488.55
484.51
475.39
454.2
445.85
3685.85
507.87
1218.5
449.04
2092.51
1167.02
467.08
448.42
452.76
452.3
852.31
451.89
502.47
1161.59
1059.27
2225.81
1618.67
477.91
460.63
455.35
711.22
500.78
462.04
510.83
481.14
4435.88
489.05
473.04
564.34
451.12
858.31
455.99
1122.48
562.92
531.02
1094.63
469.09
465.34
1947.17
532.58
509.61
756.51
886.17
600.33
1503.26
505.97
7238.66
810.1
613.54
1181.96
635.61
948.92
481.85
494.54
821.37
461.72
445.1
483.2
451.19
504.99
675.39
481.99
726.72
516.21
465.99
458.67
1056.4
514.2
568.08
673.25
469.18
624.17
1209.21
468.73
626.42
461.49
660.9
461.75
703.0
1333.59
464.48
452.34
702.54
488.64
514.85
2256.29
541.0
836.77
1183.21
464.52
461.61
497.05
437.2
814.26
523.09
520.5
537.26
454.01
509.64
457.18
898.07
448.92
533.76
577.05
560.61
592.63
460.14
653.5
1278.62
12075.7
455.04
462.16
882.6
1382.78
458.92
656.73
470.84
466.68
907.53
458.82
458.31
568.31
454.73
452.59
545.66
452.61
660.34
664.8
564.22
567.93
457.03
461.49
452.5
466.41
1728.15
464.24
2252.83
2286.35
474.59
1211.77
510.5
483.98
481.95
650.47
520.3
2987.19
554.72
484.94
472.46
477.2
479.91
546.02
1287.63
1911.11
493.64
470.03
460.47
460.63
1482.47
4454.2
482.84
463.1
1916.95
473.52
1171.85
446.14
464.57
455.83
489.24
499.77
9636.52
657.5
555.99
480.76
457.79
467.13
459.17
539.57
553.54
455.34
483.59
580.77
456.31
507.73
710.67
13548.47
507.46
460.85
634.67
565.79
1169.09
558.92
773.13
643.91
451.45
659.1
1358.51
544.7
533.63
530.03
479.12
478.7
857.64
572.04
1072.58
854.12
579.8
638.04
1117.86
491.36
669.75
583.08
547.73
455.54
920.39
480.26
538.6
682.06
442.96
459.76
462.28
465.86
456.32
2030.29
470.19
449.39
467.67
619.26
758.79
507.07
527.7
2307.66
546.67
822.21
484.04
610.41
447.67
469.89
461.68
468.7
788.57
2505.03
461.7
551.62
465.94
510.36
452.69
450.62
994.71
631.33
480.45
454.56
463.19
464.66
500.04
938.43
857.06
504.97
461.52
457.59
1283.93
3261.02
458.61
488.53
1133.53
6157.67
468.97
438.1
454.42
1065.31
460.5
511.99
459.89
454.79
873.75
1084.81
462.08
548.84
566.29
494.41
461.69
460.84
460.47
1066.34
511.86
993.36
469.88
462.1
2550.15
459.58
451.56
552.93
497.84
450.83
870.2
518.65
558.86
471.29
468.78
1871.89
3699.55
468.94
473.96
467.88
461.23
577.0
458.27
451.09
625.0
463.09
812.15
494.36
445.73
731.84
700.48
772.79
613.06
1966.11
441.03
442.07
573.34
693.27
454.73
450.64
459.96
466.98
467.66
689.05
1084.3
1015.93
612.35
459.1
464.2
728.79
1258.94
508.35
436.83
457.18
928.75
520.44
640.31
452.7
537.86
976.87
2240.3
458.11
719.84
457.04
448.46
1865.18
504.68
600.98
472.39
