142.86
29.11
25.69
16.54
24.59
20.14
21.73
30.73
26.42
26.66
29.58
25.66
25.79
25.2
25.91
20.78
23.9
19.97
29.19
25.14
19.58
22.74
19.21
24.33
29.01
23.76
18.66
20.93
21.74
25.57
27.48
29.63
24.47
21.49
21.11
21.95
19.59
26.26
28.05
23.58
23.6
24.33
23.7
22.08
26.16
25.18
24.96
21.34
29.04
19.59
22.91
26.99
30.29
21.34
19.98
23.54
28.34
28.65
24.27
29.51
26.71
26.79
20.05
29.83
29.04
24.8
22.35
27.41
24.19
24.08
18.39
21.23
24.24
24.08
22.03
25.15
27.0
24.35
28.29
21.79
23.52
25.37
24.28
23.86
23.24
21.98
24.41
20.83
23.73
18.65
18.97
23.73
24.61
16.17
25.48
24.58
17.11
24.08
30.05
21.01
27.96
26.76
28.87
24.15
21.79
23.99
20.01
24.41
26.01
21.69
25.39
25.7
28.84
27.19
27.73
29.37
27.6
26.46
24.27
28.33
21.7
26.29
28.42
31.69
24.77
24.17
22.73
16.88
26.87
23.28
24.91
22.21
23.47
30.39
26.28
28.07
24.98
26.54
22.66
24.09
26.46
21.09
30.92
30.19
31.11
25.92
26.96
32.54
25.08
27.41
20.33
19.27
26.99
25.84
22.51
24.28
22.77
25.0
27.6
29.46
27.23
25.2
23.84
28.1
20.14
25.18
22.68
24.31
20.63
26.27
27.39
24.39
22.69
24.84
20.5
25.47
21.87
24.4
22.58
24.23
23.67
23.24
24.51
23.43
25.93
25.53
24.79
20.59
24.67
23.49
27.66
20.96
30.29
21.14
20.56
22.66
22.67
21.89
26.0
25.19
27.32
29.29
24.46
26.58
20.0
28.33
22.26
28.88
37.12
32.1
25.76
30.4
33.41
28.56
27.62
28.27
28.64
33.39
23.89
18.58
18.35
19.43
17.42
28.58
24.21
26.92
30.61
25.29
41.09
26.57
24.14
27.79
29.77
29.55
27.46
27.1
27.85
32.44
28.34
26.81
26.95
28.02
30.3
24.86
23.67
25.3
20.26
24.28
20.35
27.32
19.13
23.01
28.86
16.92
28.42
30.34
33.9
27.53
23.5
30.72
27.69
27.63
33.03
31.89
32.47
20.57
28.9
21.77
24.66
28.54
29.46
24.72
24.8
27.66
25.26
23.25
23.18
23.05
25.21
23.04
25.72
24.94
18.69
28.42
28.19
26.86
21.02
28.59
33.05
16.54
24.34
21.33
23.52
23.38
27.55
24.55
21.7
23.83
23.05
29.48
26.19
29.1
23.76
28.2
30.34
29.31
28.81
24.69
20.9
25.87
25.97
28.31
25.41
27.5
25.08
23.71
26.55
24.33
24.93
27.49
28.77
27.22
24.99
17.98
27.53
31.62
30.13
25.89
28.71
28.62
24.61
22.91
25.08
26.89
23.34
22.29
32.57
38.21
29.85
29.86
25.79
21.77
32.11
25.82
30.08
20.27
25.47
22.15
21.76
21.75
25.12
26.06
29.24
26.52
28.0
23.51
23.79
27.5
29.45
21.22
22.82
28.84
27.36
28.28
25.22
21.67
21.67
26.08
27.76
19.45
30.91
28.74
29.05
27.32
25.55
31.45
27.79
27.71
16.88
23.7
21.99
24.5
26.22
28.07
30.36
23.82
25.07
26.72
34.07
25.54
25.57
24.12
20.42
18.32
27.01
28.45
26.69
26.78
29.54
25.31
27.63
33.95
27.83
29.22
28.41
28.04
21.44
26.49
33.01
29.17
23.83
23.34
29.88
26.33
29.52
29.58
25.97
31.8
24.65
23.11
24.74
30.39
27.14
27.97
23.37
26.74
26.39
28.67
19.68
24.43
25.86
21.4
20.35
21.71
23.72
28.81
24.67
28.36
23.43
22.41
21.62
21.4
24.21
17.45
22.63
23.3
20.49
22.57
24.03
23.48
29.06
28.28
27.35
29.41
26.65
20.32
23.85
20.34
26.91
29.11
22.29
20.28
23.76
19.83
15.84
19.28
20.79
15.41
19.62
23.39
26.4
21.57
25.66
23.35
30.19
25.47
22.45
26.34
25.29
24.22
23.47
24.21
27.48
19.01
23.18
22.75
26.21
31.61
27.43
26.3
31.99
28.4
23.06
24.27
26.56
22.93
21.59
21.88
22.66
20.37
23.5
23.11
24.15
21.22
28.62
28.17
27.28
24.01
30.84
29.43
31.11
31.56
24.35
20.56
24.21
28.78
30.62
32.78
30.13
26.73
21.34
21.52
25.26
19.4
24.12
24.9
27.48
31.0
21.79
26.25
25.23
25.35
24.4
25.1
24.83
30.3
27.74
25.84
22.36
24.16
29.18
23.03
26.57
28.99
30.99
32.37
18.09
23.68
17.91
30.37
24.98
25.44
24.99
26.35
24.35
29.33
33.24
30.81
30.21
25.8
26.33
31.88
25.86
19.79
31.29
31.54
30.43
23.17
24.49
30.0
21.72
23.08
22.62
23.89
20.48
36.42
20.43
26.55
19.19
19.78
24.51
24.33
28.83
29.72
25.61
20.14
22.06
21.48
23.99
21.88
22.64
19.35
29.37
31.41
36.28
31.0
25.0
30.26
24.21
24.28
22.23
18.17
31.57
32.2
29.53
30.32
28.65
26.42
24.08
23.64
18.55
20.84
23.65
26.28
28.44
30.7
24.56
27.38
23.08
34.02
33.45
30.02
39.08
25.13
23.73
16.16
30.19
32.96
35.32
34.38
22.73
25.96
24.16
25.06
24.45
23.18
33.14
30.35
19.51
27.14
28.49
25.28
29.17
20.97
25.42
26.9
27.68
23.21
27.07
23.87
21.41
22.76
18.17
23.15
22.26
24.71
27.14
30.5
26.97
33.86
30.36
36.6
22.62
21.44
21.13
24.73
25.36
22.27
25.58
29.52
22.63
19.73
19.7
26.88
27.42
23.24
24.12
22.46
21.16
22.85
23.46
21.79
26.47
25.69
29.83
29.34
20.48
22.25
21.98
16.03
19.93
21.25
29.06
27.97
25.69
28.48
27.84
19.18
27.68
32.78
28.15
27.7
29.87
29.63
25.96
27.46
30.01
24.67
21.93
26.47
25.06
25.35
29.99
24.55
21.24
23.76
24.28
24.58
26.97
24.78
24.62
24.41
29.18
22.37
30.33
24.78
26.13
20.71
26.5
26.74
26.92
30.26
32.53
17.3
19.21
27.93
25.38
27.6
19.28
19.08
24.06
31.79
24.55
28.91
22.08
24.28
25.46
29.41
29.82
20.09
22.24
29.39
30.84
24.0
29.05
19.52
28.92
28.02
33.02
32.8
26.7
24.78
31.69
28.61
32.01
20.31
23.43
20.95
24.33
34.89
33.94
31.41
34.0
24.27
26.26
28.38
24.68
31.44
23.92
24.59
21.21
33.46
31.55
29.05
16.66
25.4
27.52
28.96
25.72
27.39
29.33
26.49
22.7
27.29
30.82
26.74
24.68
31.36
24.05
29.06
25.32
23.48
29.39
26.12
28.93
31.39
34.4
30.14
23.68
26.38
27.77
26.93
28.33
25.68
25.16
27.52
24.54
34.46
22.61
24.86
30.02
24.66
25.51
25.68
30.22
24.45
18.32
26.01
24.13
28.89
25.26
24.56
29.5
25.23
33.24
31.46
32.94
21.37
28.79
18.44
31.45
29.65
32.5
27.8
20.68
27.52
23.27
26.72
24.35
23.88
23.02
23.96
23.01
27.46
23.57
28.23
27.04
19.46
24.02
28.09
30.06
21.92
29.25
25.36
27.83
26.91
19.27
24.81
27.66
21.71
25.01
25.13
26.62
26.07
21.95
28.75
27.2
35.53
27.51
28.0
28.43
25.12
23.56
24.04
24.68
28.27
24.25
25.03
28.11
23.6
26.81
24.18
27.92
20.6
25.44
27.73
29.85
24.48
23.62
25.17
24.17
27.31
25.82
25.18
34.28
28.73
28.36
29.7
30.25
24.81
24.05
25.19
31.7
23.57
24.7
27.21
30.62
30.55
25.04
24.18
21.8
22.12
19.3
24.41
18.55
21.59
29.4
19.22
24.32
18.75
20.33
20.29
19.46
23.83
21.84
26.6
27.53
30.23
27.46
17.8
29.88
28.41
31.29
31.54
29.32
29.45
29.24
20.5
28.44
25.45
23.82
30.16
27.74
26.01
23.35
21.47
21.0
24.15
24.55
26.36
25.73
26.8
28.5
25.19
23.12
19.14
30.01
21.58
23.06
24.42
27.23
24.21
25.03
18.4
24.29
30.46
31.15
28.27
24.76
20.95
20.64
24.98
28.27
26.87
24.9
22.37
26.23
24.54
26.95
26.01
20.26
19.67
23.51
25.82
21.97
26.24
33.15
28.05
29.38
22.88
