154878.95
9560.72
17217.03
6374.94
34390.88
10807.09
17585.52
14631.03
2666.93
18318.34
22127.1
4806.28
11266.17
11071.39
7776.89
31727.62
11839.53
31514.23
2008.57
48731.25
18512.47
3035.06
11791.11
7136.98
8207.24
6894.29
6982.31
4123.23
7254.92
33245.44
2730.17
5484.36
10991.16
10666.6
9816.78
9100.16
1543.45
12535.36
2011.46
5155.66
12188.8
4177.59
16859.92
3948.18
1585.8
3375.44
23364.13
8250.66
1923.16
15821.45
18134.69
13780.01
10191.51
3905.87
12341.88
7168.75
2014.54
3622.63
14573.23
4731.19
15521.57
5852.37
3928.0
2683.35
2327.41
11653.5
8501.59
8712.65
14516.94
7433.83
5071.0
11335.21
4075.7
6362.08
6178.35
34613.95
20174.06
3312.23
7209.53
7546.99
18245.56
51350.01
11677.21
20732.34
6645.36
37571.87
7906.77
7975.0
6530.36
5142.61
5060.47
2045.0
4585.03
17787.88
10392.64
15931.9
5341.18
16014.47
6905.04
20420.06
3900.96
7571.34
2071.87
8554.82
3852.07
10193.4
9319.85
2730.14
19085.12
5931.07
11177.81
10425.84
6866.19
3738.73
15798.35
20430.37
10707.98
16905.46
14388.49
4524.91
12533.26
22500.48
7204.26
18338.27
11679.14
27184.73
23367.61
12328.91
15690.49
2532.43
11852.18
7869.4
9738.78
2450.83
4840.57
6487.86
18059.75
2791.59
8042.13
19099.18
2816.36
9008.71
2412.43
5520.7
6387.97
16443.86
13764.53
5479.1
5221.39
6707.38
1720.07
17242.7
13710.68
15565.68
9414.81
10385.2
11645.66
1394.03
6197.71
2000.27
3462.74
7346.78
18104.35
17413.52
11707.66
12185.59
19098.02
14236.4
31669.48
35115.51
11870.85
8794.91
25510.7
24208.09
7696.0
2228.97
1800.64
8733.85
84654.24
9973.5
2862.2
7503.13
17163.93
10719.51
12899.22
5402.39
4273.95
4931.85
3215.2
2481.12
17831.25
13169.84
23361.32
37457.4
3673.95
3994.97
19763.21
12027.2
9239.59
8740.9
34267.07
13653.26
31885.18
21434.03
10624.11
13575.55
5374.48
1832.58
22627.13
2111.71
6000.08
7808.3
9554.98
6690.98
57091.43
8833.59
8176.23
1564.42
11401.09
18622.36
24449.02
7703.88
10458.26
1561.6
5800.61
3849.13
8219.19
12989.12
24017.64
139720.2
18749.39
3053.62
14937.49
15802.14
9636.6
6735.93
5792.82
1825.58
32988.12
2086.89
12740.96
12602.71
10448.53
6259.08
8824.13
16738.64
21633.51
8312.05
52065.57
9101.16
14976.5
15415.9
10976.55
20401.23
5269.18
21354.36
5694.99
11043.63
19800.27
14442.34
24370.83
11939.96
9517.71
3933.16
14491.43
10957.25
10184.74
14241.81
9568.96
5281.19
29703.97
32307.8
34032.34
3735.34
1634.43
7825.58
16494.77
23280.54
1512.32
9654.5
14671.93
8864.19
12705.85
1938.53
19118.83
11770.61
7712.07
16521.04
17577.55
4101.54
10662.25
4309.58
2249.38
13495.61
35805.52
4062.4
16701.19
5183.26
10149.12
5097.33
8402.13
8494.96
1484.05
55789.35
13150.37
15091.61
12693.62
34883.09
29213.45
10825.76
18712.03
5201.85
14379.36
37175.7
20423.0
3135.9
1191.71
16370.38
16052.94
1643.33
4020.56
4526.69
25026.3
11703.26
23050.35
18154.11
7922.33
4979.33
4959.09
65929.64
1717.23
19088.78
6968.34
15865.98
8825.35
15800.65
7866.56
4583.03
15265.82
4015.62
3764.9
21726.15
7465.84
4911.14
3301.15
25593.48
21006.25
2254.49
6723.26
17074.99
16381.97
6812.79
7193.33
2632.3
4111.04
1413.08
4936.4
13352.77
10988.14
14535.39
2193.6
2541.44
6703.61
4132.87
8610.72
17489.85
19120.78
17232.18
17086.22
7135.56
52258.71
4091.86
3071.37
6800.57
3330.53
2262.35
16454.27
5469.92
17616.5
13067.42
15302.85
16757.44
7795.24
3333.27
4044.56
12068.18
5576.39
13478.71
10362.57
13791.27
25460.86
3394.32
4281.29
6356.37
16247.15
3948.17
9335.21
12578.75
3807.93
8903.13
10726.33
13166.82
5164.1
4424.5
20438.24
9231.21
3517.05
4658.55
27332.91
4120.15
11518.92
7300.74
44904.89
6219.05
5083.94
5041.78
4416.35
10251.31
15439.24
5552.44
6205.02
7217.32
7955.67
13348.24
8650.16
2026.53
7527.49
1840.94
3129.86
7322.64
46538.98
1414.29
9581.46
3218.17
13004.59
15800.57
13207.39
17519.57
15780.93
2497.05
19291.48
4594.76
6292.66
25239.92
7046.31
3840.36
17790.54
6832.29
60082.46
4712.02
6336.6
16140.32
10316.86
6984.2
23131.98
12126.47
9115.17
16210.47
25889.67
20801.48
23552.14
16852.62
4145.38
6548.21
7697.13
7293.53
2761.05
2865.2
21254.09
7085.84
18634.15
31270.07
3820.24
16934.37
26967.99
5534.53
14227.84
48711.55
3951.71
1498.01
6961.7
10099.63
2147.83
7531.92
28719.09
7561.42
11537.8
1866.11
4276.5
9734.67
4067.73
3200.24
11562.6
4173.46
12480.4
32948.91
9922.16
3265.92
4610.03
6765.76
15431.89
3428.23
14895.8
15923.07
12382.6
20698.97
1350.15
13125.75
17489.32
13759.0
13685.24
6341.59
4016.85
15005.38
9922.51
8782.49
8470.28
8147.84
2352.09
9725.64
6478.83
11109.46
12878.59
9934.58
16327.97
10117.14
2901.5
35712.57
5434.83
4190.19
9131.06
9678.53
26461.51
3300.3
12715.94
5201.44
7605.95
5511.82
5317.57
9705.26
1829.04
26939.58
17123.18
5173.42
9588.6
21362.2
3558.18
1603.96
15087.98
33758.89
5574.87
13607.65
9650.61
9717.4
9894.55
8837.0
3494.57
2881.06
8950.99
7631.49
3898.4
2737.81
21262.71
17936.05
23698.12
8718.3
21895.44
12315.86
13577.85
5281.24
10749.94
13208.87
6010.38
2492.65
23842.24
2197.83
33866.46
4918.66
8506.5
5965.17
4847.92
12691.17
9684.71
3575.06
29810.86
14025.49
19314.11
7098.83
10180.68
4900.95
3016.06
8245.64
2945.4
8521.57
12928.3
4740.3
9972.79
3606.99
3045.76
12332.13
6652.8
7475.51
9586.03
7318.27
18393.53
8672.85
5979.91
15064.73
18714.33
3956.25
5621.73
3616.2
10486.94
19764.53
13060.88
2205.53
13165.68
6645.23
17007.1
14075.87
3265.43
3613.22
6500.15
12506.35
16099.26
10102.29
7657.17
25137.06
1591.38
45862.82
6704.78
15808.06
40075.64
2745.6
7453.56
2763.12
24428.92
39083.99
11337.24
7162.74
2804.01
12310.04
13722.6
8089.09
13818.98
5553.17
10255.9
16007.04
4199.91
11320.5
24182.18
5034.73
6683.07
16266.66
36426.74
11458.78
1968.86
17032.8
2112.05
6615.14
11327.05
3005.63
75648.51
13929.36
11034.87
3975.64
1462.93
6227.17
15443.46
20920.16
10129.55
8231.05
6816.78
14410.63
2931.38
9736.84
17186.39
6319.42
2588.41
5614.52
13988.76
9596.61
29079.91
11725.68
12716.08
4778.35
3236.97
9345.31
13994.54
17725.46
5092.87
11509.64
7941.0
7892.76
5127.95
1423.36
6685.76
20778.67
4275.16
9012.68
15048.85
15025.8
5193.88
4021.55
1726.12
4497.9
8146.45
1948.21
17623.44
12034.84
27434.88
13360.87
11697.08
19541.52
11235.21
5436.13
10019.36
12156.26
2513.94
103588.14
14960.56
17429.57
2088.53
7595.05
1626.53
4397.46
4974.5
8499.24
13859.94
4211.27
4164.84
15071.4
2489.06
16545.35
16013.33
17028.86
10906.27
16614.37
17376.35
18363.33
16118.06
6285.69
72959.49
9889.56
9802.37
4122.16
7486.58
4028.01
9089.65
12646.45
4451.79
7275.65
4474.15
46180.13
28195.54
2258.98
4309.89
9718.98
2355.69
18952.57
26469.75
23807.34
4955.69
4878.1
8459.85
14441.2
11399.59
6038.63
37856.17
14133.24
7590.41
10229.29
3735.31
20863.62
17544.36
13902.48
11299.96
13761.11
9584.84
23550.04
1621.56
6323.24
1218.12
5394.17
8542.51
28791.53
4402.04
1495.46
36044.17
6163.8
5110.87
4731.59
11297.3
11781.47
14911.58
22015.02
13977.65
3477.15
6272.69
8978.29
7120.66
14248.3
12214.98
2783.69
36316.57
8817.53
8079.84
3195.66
6137.35
16750.44
19858.81
4404.11
11030.74
12094.37
12527.44
2705.21
5391.44
15073.68
7294.92
21632.77
6595.12
4159.03
14163.83
20283.65
1928.3
19402.37
10756.32
19520.99
17302.75
59808.39
2220.63
4556.44
1339.77
9561.96
13278.97
6671.76
2126.53
8660.35
10419.08
14947.23
17603.34
5130.11
28000.57
5169.55
18670.28
9589.53
17372.27
4368.43
6026.3
1243.42
6353.89
5798.09
18247.04
6284.41
10755.76
4312.51
4516.96
12731.73
3695.48
14816.06
2296.82
4232.48
2033.64
10154.82
20037.68
14029.38
15488.37
4702.34
20697.12
9861.56
5262.32
14301.13
5317.79
16559.95
12424.06
1474.63
19762.75
16291.58
2040.19
17399.01
9585.69
6752.77
4501.32
22056.76
7637.92
3702.61
42695.07
1337.3
9871.12
10294.38
9977.3
16182.86
3687.67
15073.51
16785.04
4011.1
1875.6
5827.58
17126.23
22551.94
12952.9
9333.46
5838.26
3510.21
4537.41
11693.61
10143.84
1903.51
5695.91
23513.09
9207.5
10174.78
2777.93
8389.87
11158.51
16190.63
5839.28
5938.18
13525.98
20525.33
8588.29
14839.55
17653.85
7327.54
31618.69
4702.91
5083.15
30179.24
11652.73
28154.7
26825.15
5976.69
14865.81
10234.12
7913.06
9330.75
4615.44
6236.86
10485.67
19527.26
19010.28
7322.48
1902.39
7978.15
11825.83
10960.31
15064.06
15315.07
1367.16
5597.03
3990.98
1885.99
4772.01
10456.56
20518.29
15758.66
26429.7
22083.42
12505.41
3905.09
7014.78
17354.08
13479.48
22525.49
16800.08
3884.54
2952.87
13330.07
8682.72
19838.53
3420.06
20173.8
2738.27
7695.34
6694.06
25849.41
6980.58
13902.48
3472.96
20881.5
1583.7
3290.95
6807.77
4149.02
11898.38
9188.34
31354.1
13940.67
14662.03
1846.35
3140.78
18670.81
9357.56
6109.41
10701.03
27699.85
4271.66
4664.18
11001.44
4735.78
