9.92
8.12
33205.48
10.37
9.27
7.18
9.29
9.31
8.65
7.43
7.81
9.8
3920.84
10.55
34710.65
21.7
9.84
34538.05
36831.1
9.92
12.09
609.29
24146.44
7.86
8.83
8.04
9.79
9.32
9.99
9.37
13454.89
8.55
10.04
10.87
9.44
40242.76
9.11
10.32
10.41
8.16
92.58
10.16
65.06
8.77
7.58
7.07
8.55
8684.67
12.31
6.83
9.84
13467.24
6.96
10.05
8.63
8.65
10.44
10.09
7.41
8.12
2881.95
35779.98
7.42
643.99
10.26
2033.01
33165.77
8.61
9.24
9.78
21.98
7.46
134.2
9.73
7.78
9.14
10.03
8.42
15.6
11.14
767.32
12.38
10.49
10.72
8.24
16663.44
9.04
90.25
1151.12
53.84
8.06
5721.3
2594.6
9.0
13.04
10.94
10.48
10.55
10.53
8.47
1406.95
7.5
10.95
10.24
10.6
10.94
8.46
37711.22
7.07
10.42
4038.54
8.27
7.27
7.76
73.56
8.41
844.18
8.01
1478.44
8.04
7.44
8.25
8.25
7.41
9.09
6.41
603.51
7.85
8.23
2174.46
12.19
2433.79
7.34
36467.05
9.75
678.95
8.43
3057.37
9.85
9303.21
9.72
8.37
10.46
9.62
10.13
10.57
10.42
9.68
980.48
10.87
10.91
10.17
10.47
9702.88
8.9
10.95
10.02
10.44
10.16
10.88
9.58
10.95
5797.48
2797.31
9.0
622.93
11.35
10.67
2661.58
16746.26
10.35
10.19
9.77
10.85
8.04
7.86
8.32
8.43
399.43
7.27
54.85
10.6
10.07
989.83
9.08
7.75
8.78
1898.19
298.61
10.52
10.66
10.52
10.68
11.26
10.45
10.67
3535.22
10.13
9.68
10.16
10.53
4014.49
10.3
10081.95
10.01
10.38
10.14
18.08
10.66
2763.33
7.61
479.68
6.97
961.3
8.1
8.11
10.23
8.63
8.11
7.6
8.11
7.78
8.11
8.1
20.07
8.17
25.97
11.56
2776.04
7.84
7.7
10.42
11.43
10.49
11.0
32448.41
7.77
8.14
11766.71
8.61
9.25
10.57
1089.76
8.08
5473.3
9.8
10.87
30.27
10.53
10.51
10.46
4360.44
12.5
7153.6
7.86
9.82
8.38
3604.96
10.43
7.98
10.07
28015.12
10.62
10229.89
10.07
10.33
10.95
9.66
6.91
1263.26
10.88
7.68
9.64
15283.04
9.48
8.9
9.49
10.15
4886.36
10.05
288.76
7.35
146.99
35935.06
10.5
10.14
801.94
1439.66
10.51
9.28
9.91
11.08
10.47
9.53
9.17
10.07
9.32
408.69
5546.02
10.03
9.82
10.45
10.53
10.71
10.16
2973.96
10.83
10.05
9.06
10.32
6423.62
10.63
1795.65
10.23
10.57
25943.58
8.85
10.64
11.64
8.29
2886.59
23153.1
7.92
7.19
8.32
8.85
16.95
12.1
13633.53
520.07
6.97
10.26
10.42
10.47
10.27
9.56
10.61
10.39
10.37
10.32
10.72
10.84
10.63
10.04
22333.88
10.3
10.82
12.16
12.44
12.06
12.02
79.16
12.0
1332.54
10.84
12.31
7.91
972.49
8.07
8.04
7.25
8.42
7603.82
10.55
146.4
43.06
10.05
8.92
9.89
10.7
10.43
49388.06
9.98
10.59
9579.25
2781.79
452.71
28044.7
7.29
3817.67
7.63
14611.99
10.02
11.05
2077.21
8.8
218.74
10.22
8.43
11582.72
9.67
8.63
8.49
9.31
9.39
8.16
136.89
7.63
10.02
10.77
7.49
9.41
7.33
6.52
8.09
6259.02
595.91
8.26
8.49
31380.5
10.56
9.86
10.75
10.72
21.96
9.06
9.43
208.08
9.51
11316.73
9.94
10.68
10.65
268.09
10.18
10.26
10.35
10.63
10.77
20.63
10.49
10.02
593.98
2121.44
8.11
10.79
11.43
10.76
10.96
13.51
318.09
10.74
74.45
8.02
7.35
6.84
12.25
9.74
9.86
39.5
32.74
10.69
10.73
9.72
10.01
8.65
26865.47
10.86
10.21
13.34
10.42
7.13
10.71
9.58
9.65
276.84
27.06
7.47
8.15
6.44
7.13
21.37
8.73
8.39
5571.97
10.93
11.54
11.68
1020.24
11.6
41186.32
9.25
110.46
10.52
10.24
9.58
12.6
10.57
9.79
2586.7
10.27
10.18
12.3
10.54
10.66
9.55
45912.1
7.86
10.38
10.39
9.64
7.23
10.49
8.85
101.17
34234.88
8.13
30499.87
10.84
11.59
251.59
9.27
9.52
9.01
10.75
12.11
5752.64
8.67
231.89
1911.39
6.74
8.21
2918.48
56.35
10.01
9.32
11.58
8.99
10.91
9.52
29922.11
13.88
16478.11
19.39
10.75
8426.65
9.08
7.7
7.88
11.03
10.23
11.14
10.67
712.19
10.08
8.59
13.92
7.74
585.99
5022.75
10.33
15.12
88.13
8.12
9312.29
8.53
43557.81
169.23
944.37
8.0
22.54
10.06
11.28
11.49
11.74
9.46
10.58
9.21
10.68
986.03
447.7
9.87
9.26
10.01
10.51
7.43
10.56
10.96
10.92
10.75
10.54
10.8
10.46
10.72
13128.47
9.99
27.7
25.09
1830.94
10.04
7.99
10.51
9.93
39205.71
9.09
8.51
9.49
9.56
7.97
6.58
8.87
12.0
10.76
7.12
9.84
9.33
7.59
8.43
34809.88
10.7
317.31
130.93
353.74
8.69
25468.24
4198.25
7.27
2161.55
10.15
8.8
6291.73
9.59
8.37
11.17
664.18
29.91
11.87
10.05
8.76
9.75
10.56
10.67
536.17
14.08
7.08
8.29
10.67
38.84
37544.33
8.2
8.32
8.44
10.05
9.51
10.28
5.9
8.42
1391.46
10.31
458.43
9.73
11328.5
396.45
9.38
9.02
7.34
8.45
221.59
9.42
7.93
44891.54
106.0
18123.42
5077.71
7.35
10.23
8.77
129.64
9.71
9.44
9.87
10.53
24630.58
6.41
10.74
10.16
9.66
1000.79
10.11
9595.75
9.3
8.19
16788.5
8.72
10.34
2331.5
14.03
10.55
423.15
163.15
9.6
2667.88
6.26
21429.3
62.22
3161.39
458.83
2065.91
321.74
10.18
8.9
16572.47
9.91
7.25
9.52
8.12
6.99
9.02
10.31
12.32
11.12
11.09
10.76
3064.02
8.83
13.57
28028.41
9.52
13.12
2228.04
10.18
9.06
10.25
42305.64
10.31
10.22
37578.08
7.55
8.33
39.56
11.2
9.68
1141.1
10.96
2022.41
20656.88
7.67
9.34
8.71
9.94
37.25
9.59
9.97
9.43
6.01
8.41
7.81
12.46
9.89
8.98
8.45
10.37
140.44
6.25
10.11
10215.35
8417.2
9.94
9.26
299.56
26112.74
8.01
73.33
10.81
12.45
4505.08
7.46
10.24
9.97
8.72
9.59
8.63
9.52
62.63
10.18
9.68
10.16
10.46
10.49
9.7
9.69
3501.81
9.02
8.22
28221.22
7.11
5513.19
11.24
6.0
10.31
87.42
11.57
3590.8
9.14
8.53
7.98
10.41
10.33
12.01
627.38
1067.82
9.41
10.42
10.61
10.18
235.05
14038.92
10.33
9.92
338.58
10.07
40.37
8.2
9.92
10.12
8.8
9.51
28200.65
19.55
9.22
10.25
10.01
10.47
9.99
8.91
9.92
10.32
7.7
704.02
8.23
7.81
19.25
15640.35
8.81
7.04
10.43
10.79
20203.11
10.58
11.2
10.88
9.99
10.75
9968.82
10.3
10.11
9.44
10.69
10.71
7087.19
33.7
1764.5
5555.6
10.37
11.11
10629.24
11.07
10.96
7343.94
21.54
10.37
4197.16
7.87
7.75
7.86
10.27
10.68
10.72
9.05
9.85
7311.64
10.99
8.48
7.38
14.9
8.6
5.85
8.32
2001.86
10.44
3432.74
8.5
9.94
8.41
9.82
9.16
6.8
1797.18
38999.26
9.0
132.04
10.54
10.14
9.77
9.28
6580.7
8.75
9.39
9.9
10.34
10.56
10.76
3136.27
13.63
10.12
8.12
8.5
27059.64
29150.93
10.14
10.62
10967.32
25508.58
10.23
10.42
9.71
11413.01
10.64
10.9
10.54
9.45
337.29
1833.6
9.08
7.18
17.34
9.64
9.82
10.4
10.15
2275.83
15.01
2983.21
10.11
10.8
14721.64
7.12
8.73
7.77
10.9
9.25
143.43
7.01
8.7
9.94
10.54
5270.42
47423.43
9.03
9.71
9.41
10.24
11.04
11.4
9.44
527.21
9.05
1047.72
10.3
9.7
9.29
24853.73
11.04
10.96
8462.9
10.74
7.87
8.46
80.19
9.61
10.47
8.32
10.67
10.69
1418.84
13815.06
17.24
10.51
10.12
8.59
3837.59
15495.64
9.59
10.7
10.62
4906.5
6.28
72.63
7.68
8.97
5810.13
12916.74
8.13
10.22
10.41
8.43
14108.55
10.05
9.98
9.6
