10.56
9.9
6.02
10.22
11.03
10.43
11.05
10.92
8.71
12.08
9.15
8.49
9.06
10.74
10.79
9.65
10.44
7.06
10.2
8.7
10.13
10.76
10.13
10.11
10.83
10.9
10.67
8.64
10.97
11.06
10.42
10.78
10.97
8.73
10.41
10.1
10.63
10.39
10.31
8.96
10.18
9.99
10.09
10.47
9.19
10.54
9.59
7.91
8.41
10.79
8.11
8.66
11.42
10.43
10.7
10.15
5.57
10.04
10.47
10.95
11.46
11.0
10.03
10.54
10.27
9.67
10.96
10.97
8.87
10.76
8.63
11.09
10.73
13.23
10.72
10.23
12.33
8.76
6.06
11.46
11.04
11.34
10.37
11.76
10.57
6.82
8.86
11.12
10.82
10.91
10.73
10.83
11.23
10.69
10.62
10.96
10.61
10.56
9.97
7.61
10.42
10.88
10.03
7.86
11.12
11.02
10.38
9.16
11.33
8.63
8.28
9.78
7.61
8.22
9.95
10.54
5.72
10.35
7.87
7.77
6.27
10.92
11.67
10.53
7.84
11.19
11.74
8.43
10.98
11.56
11.11
10.11
10.26
9.02
10.29
11.23
10.99
6.73
7.85
10.97
10.14
8.91
9.95
8.48
10.4
12.0
10.58
6.98
9.63
7.92
7.54
9.11
10.2
11.37
10.51
11.32
11.23
12.45
10.06
10.98
9.35
8.53
7.63
9.17
11.17
8.74
9.31
5.87
7.63
8.6
7.46
9.71
11.86
7.34
10.22
6.84
7.58
8.77
7.95
8.22
9.66
8.28
11.17
9.35
10.46
10.93
10.95
10.81
7.98
9.95
9.19
11.56
9.01
10.05
11.21
11.11
11.36
10.88
10.94
8.45
9.73
10.19
10.5
7.7
7.91
10.37
7.94
8.53
9.5
8.36
8.22
9.43
10.63
11.05
9.23
10.3
11.03
11.32
8.83
10.22
11.32
11.83
11.32
9.57
10.94
8.93
12.01
10.78
11.52
9.18
10.01
6.7
9.68
10.7
12.55
11.52
10.8
11.34
10.51
10.92
10.37
8.71
9.26
9.91
10.14
11.72
10.5
10.68
11.0
8.48
11.65
11.12
11.67
11.44
11.56
9.3
10.95
11.95
11.74
10.63
11.72
13.1
10.96
11.72
10.16
10.8
11.21
11.96
10.1
10.61
13.11
12.13
12.58
11.63
11.14
11.34
12.5
9.04
11.32
11.81
12.63
10.72
10.65
11.28
9.32
11.08
11.14
11.95
12.16
8.33
8.62
11.37
11.65
11.91
10.13
8.74
11.48
10.71
11.7
10.48
10.98
7.74
10.96
10.26
11.95
8.62
12.05
12.13
12.87
9.98
10.11
8.6
11.38
7.67
12.08
10.69
11.51
11.06
10.02
6.61
11.78
11.42
11.74
12.03
10.46
9.53
11.1
11.54
11.65
7.81
10.18
11.65
11.97
12.42
8.68
12.76
10.85
9.59
11.72
11.21
8.9
7.85
11.09
11.46
10.98
11.7
9.9
11.39
10.93
11.76
12.07
9.89
11.4
11.23
9.27
8.54
9.29
11.56
12.15
14.34
10.79
8.04
11.84
11.2
10.79
12.12
12.25
11.44
8.99
11.89
12.11
10.65
10.76
9.27
8.77
10.46
11.09
7.18
9.35
11.36
11.51
11.9
9.13
8.27
8.43
9.73
8.21
9.72
7.02
11.36
9.39
10.83
11.11
7.16
8.74
12.3
11.74
9.74
10.04
7.7
10.97
12.98
10.78
11.62
11.51
10.45
8.44
9.44
10.51
7.43
11.17
9.82
7.07
12.61
9.82
10.8
8.97
10.81
10.7
12.05
7.65
12.36
8.92
7.3
9.83
8.96
10.43
11.06
10.92
11.66
12.83
11.14
11.83
9.68
11.42
12.6
9.91
8.06
12.17
10.01
11.21
11.02
8.78
10.42
8.55
8.85
13.02
11.31
9.98
11.29
10.91
9.54
9.8
11.16
10.41
9.18
8.09
8.41
10.96
12.32
11.58
12.3
11.13
9.97
11.66
8.41
10.86
11.11
8.66
10.86
7.96
9.06
9.69
10.38
11.41
10.31
8.38
7.99
7.94
10.27
10.92
10.71
10.53
11.24
9.51
11.07
10.4
10.31
10.21
10.95
10.99
9.57
11.31
11.17
11.27
11.46
11.18
11.1
11.18
10.72
7.97
8.78
10.84
10.77
11.33
6.86
9.13
10.32
10.95
8.9
10.81
10.33
9.11
9.48
8.04
11.39
7.54
9.01
11.26
7.56
10.33
7.95
7.25
11.22
10.81
10.3
9.46
7.9
10.62
8.96
9.01
11.21
7.72
9.27
8.66
9.49
10.96
7.88
6.51
8.91
7.29
9.52
9.26
8.39
11.59
12.55
12.6
12.12
10.57
9.6
8.67
7.03
10.01
10.95
10.97
10.63
8.65
8.85
11.21
10.53
8.66
10.46
11.61
11.23
11.39
6.72
10.83
10.46
9.68
7.94
11.41
11.85
10.42
10.28
11.46
9.54
8.78
8.98
10.15
6.14
10.24
7.05
11.38
9.96
9.85
7.09
13.8
11.21
10.48
11.04
10.52
11.31
10.42
8.4
11.21
10.32
11.48
11.3
11.14
11.28
9.61
8.56
11.03
10.98
10.61
8.43
8.32
11.21
11.09
10.54
10.68
11.12
11.39
9.84
10.68
9.38
11.26
7.59
10.69
8.83
8.14
10.54
10.59
11.36
13.32
11.25
10.7
11.55
10.71
12.27
9.55
11.82
10.94
11.49
9.5
10.32
8.55
11.99
8.22
10.94
10.01
11.12
11.24
11.32
11.41
12.43
9.05
11.06
10.14
10.57
10.22
9.32
8.91
9.49
11.53
11.29
11.14
10.23
10.93
10.79
7.95
7.96
8.91
10.02
9.05
11.08
9.73
7.72
7.77
9.66
10.5
8.32
9.19
9.23
10.58
6.69
9.79
10.74
9.67
9.41
8.84
7.32
11.53
10.17
6.28
10.99
6.89
9.38
11.27
11.6
8.16
11.23
11.4
8.63
9.98
8.97
7.35
10.99
7.54
8.24
11.14
11.57
11.21
10.0
8.77
11.03
6.36
8.29
9.6
9.93
8.71
8.14
8.53
8.91
6.86
10.68
8.07
11.2
9.08
10.07
8.76
10.73
9.58
11.25
9.83
7.4
9.77
11.57
7.97
7.91
10.67
11.6
10.92
9.04
10.71
8.61
9.98
10.32
7.38
11.35
10.83
11.25
11.84
7.63
10.22
11.04
8.08
8.63
10.26
9.44
6.5
10.85
11.18
9.59
6.45
8.92
9.38
9.81
11.08
11.11
8.69
8.45
11.02
7.34
11.29
7.96
7.53
8.66
11.55
11.58
11.36
10.31
9.26
5.73
6.79
10.9
11.17
8.72
10.53
8.22
8.04
10.81
10.46
10.96
11.37
10.03
10.62
10.37
8.97
10.88
9.21
9.53
10.29
9.33
11.35
11.54
11.07
9.97
11.0
9.74
9.76
8.19
7.49
8.98
9.76
8.57
10.34
11.04
10.65
10.95
10.96
11.74
10.54
10.1
9.4
10.31
7.38
11.51
10.62
11.89
11.64
11.43
11.09
7.72
9.28
10.54
8.69
10.23
7.64
10.89
10.74
10.06
10.15
10.57
9.02
7.79
7.1
10.99
7.96
11.32
8.81
8.58
10.49
11.31
8.54
8.61
7.52
7.4
8.42
7.24
7.89
8.48
8.41
7.22
10.66
10.34
11.04
7.16
7.5
7.9
6.37
10.12
10.09
11.18
8.22
7.67
9.12
11.27
11.6
10.2
9.98
10.19
10.57
10.67
10.52
8.08
9.75
10.93
10.9
10.31
8.25
10.01
10.75
9.67
10.67
10.05
9.89
10.76
10.58
9.51
8.98
6.84
6.51
10.03
10.46
8.5
8.52
7.91
10.11
10.85
10.75
10.91
10.67
10.97
10.88
11.42
11.35
6.72
9.18
9.59
11.28
9.93
6.79
11.05
8.9
9.34
10.25
7.45
10.61
10.59
9.88
8.57
7.49
8.77
11.0
11.05
11.52
12.68
11.42
14.04
11.79
13.22
9.86
13.11
12.32
12.99
8.94
11.05
10.1
11.25
8.78
10.36
11.45
11.99
11.77
13.34
10.73
13.18
12.59
11.4
10.73
13.34
11.51
12.46
10.75
12.62
10.18
8.89
8.01
10.09
9.78
10.41
11.78
10.23
7.84
10.41
8.63
11.2
10.2
10.97
11.22
11.16
10.07
11.25
11.3
8.12
10.28
10.34
10.25
11.43
7.51
11.44
10.51
10.03
7.91
9.99
11.14
11.21
10.76
10.74
9.45
7.77
11.24
9.82
11.22
13.45
9.64
9.75
9.29
11.43
