94225.63
2420.83
7438.21
3271.31
26118.3
2968.83
4671.25
13300.92
1576.78
5712.26
3805.44
2061.26
4197.81
3671.34
1857.55
10639.9
3993.42
9817.62
1319.84
8934.8
5449.54
1468.18
3187.85
3014.22
2129.32
2929.49
2246.43
1485.82
2169.8
21022.56
1307.08
2012.26
2980.45
3567.59
4784.44
2515.23
1144.51
3413.28
1226.86
2584.11
3151.99
2372.24
4507.18
2366.45
1160.68
1693.65
7841.23
4653.02
1205.37
26247.6
7865.38
3896.48
5389.01
2495.12
3357.9
3374.47
1359.63
1514.69
4500.64
1717.49
3464.36
2940.65
2033.46
1258.92
1382.9
4043.26
3784.96
2841.73
7136.42
2553.12
2303.88
4175.3
3093.09
3475.16
1869.89
11208.45
4012.99
1738.15
2128.47
2339.26
8964.35
20675.07
3967.46
5187.6
3434.77
17431.57
4143.91
4022.59
6117.88
2434.69
2485.0
1237.84
1812.48
4055.21
3001.15
5327.28
2579.03
5087.47
4316.73
9065.83
1676.94
3629.28
1418.32
3398.58
1546.76
4674.79
4746.88
1578.03
3633.18
2201.57
3674.31
6111.2
2344.57
1979.53
3605.0
4904.6
3190.4
6991.26
5019.18
2115.72
7253.64
13731.4
2372.4
4724.34
5707.6
6640.8
4518.49
5850.14
4116.61
1316.99
5566.76
2598.5
3074.91
1407.66
1980.6
2011.88
13974.36
1316.49
12786.01
5287.48
2555.08
4166.39
1333.22
1909.49
1958.89
5283.44
2836.44
2067.53
4298.19
2586.24
1533.81
4993.15
4473.24
5671.88
2369.92
3733.01
2501.94
1111.63
2504.37
1706.12
2410.68
4586.29
7811.09
36840.61
8484.95
7524.37
6560.69
5098.36
13779.53
8582.95
4710.49
3384.92
10579.68
5069.91
3058.48
1460.92
1381.36
2811.92
12708.82
3557.66
1266.44
2630.75
6386.83
5560.75
3245.17
2532.55
1871.91
2690.44
1412.67
1404.94
3566.05
5740.17
5231.39
10963.71
1623.05
1813.77
4586.23
5547.12
2469.59
2533.34
8171.41
3855.8
18070.41
3819.89
3677.8
7590.25
2593.62
1356.37
6404.31
1245.09
2774.59
2627.37
2930.41
4284.25
14452.79
2845.0
2253.28
1132.18
3365.94
4773.85
5691.79
2880.34
4461.14
1363.02
3831.71
2063.21
3036.91
4212.39
4591.63
39390.02
5241.86
1595.13
4702.29
10314.88
2090.82
3610.1
1528.96
1216.1
7607.98
1354.12
8108.97
8430.89
3564.01
8567.8
4316.93
4174.7
3580.45
2723.0
12725.75
3627.1
4155.78
9597.68
4407.39
4253.59
1637.96
12406.41
1949.37
3250.78
8606.02
3227.49
5133.27
2451.12
4548.94
1429.36
3328.11
3343.81
1882.27
4015.89
3310.44
3004.89
7626.61
12773.03
26936.85
1492.32
1222.15
2054.25
3484.8
6897.33
1145.81
3233.88
5003.66
3407.29
2983.79
1254.16
5027.12
3991.4
2603.75
4761.66
3968.88
12466.52
2805.81
1810.37
1312.96
5810.36
9375.77
2062.26
5909.61
2454.91
3121.39
1884.87
3012.78
3179.14
1177.76
25155.34
3606.04
4205.18
3147.87
10247.72
10052.33
2865.46
7907.21
5257.28
3567.67
23592.93
5462.4
1663.39
1101.22
16216.01
4368.28
1261.34
1891.28
2012.94
9517.77
2603.16
3751.59
6931.52
2194.75
2769.44
2079.2
22511.14
1187.05
4829.24
2429.36
6448.76
3678.1
5733.18
2718.95
2205.53
3880.57
1433.07
2494.96
5030.17
2138.54
1971.49
1814.53
9246.09
5473.41
1539.42
2778.4
4206.78
3756.35
2125.84
2121.28
1448.04
1574.11
1104.4
1755.94
4381.54
8595.96
7958.9
1424.51
1426.46
2645.35
1677.95
3045.35
4237.84
3878.86
4553.6
5220.72
4520.72
14578.95
1760.09
1372.96
3715.36
1778.12
1425.51
4697.64
1718.85
6074.6
9190.18
4139.42
4236.18
3891.0
1831.6
1548.95
4427.06
3806.33
5655.92
3132.61
5833.36
4303.85
1457.1
1702.26
2375.93
6560.75
1736.13
3091.19
4257.15
1818.52
3326.74
6121.75
3282.6
4264.56
1622.36
4048.62
2711.08
1694.35
4225.99
7919.1
1695.86
3420.54
3001.96
6486.37
2638.44
2138.58
2206.53
3377.71
2940.35
8222.8
2812.23
3431.16
2062.9
3075.72
4168.69
3343.89
1277.73
2412.19
1542.29
1587.74
3049.97
9621.34
1276.28
3229.27
1841.69
3516.56
3274.9
6798.76
8137.49
7239.31
1279.56
10906.07
2459.71
5156.3
13594.35
3416.75
2337.33
8368.48
3059.41
14904.83
2015.0
2141.38
4197.52
7612.83
2164.93
4398.08
3692.4
2794.39
10319.03
5745.31
9305.76
4529.88
5675.44
1988.27
3550.61
3621.75
2303.99
1671.96
1972.31
5516.62
5445.03
4951.17
6722.91
2089.26
5119.53
4234.34
2032.12
4708.58
6739.75
1823.63
1370.47
3333.61
3943.0
1688.43
3913.49
6525.31
3751.0
5562.04
1219.49
1948.46
2790.03
1694.08
1554.09
4153.62
5453.11
3980.67
49263.25
3287.93
1438.04
1766.35
2341.66
5040.16
1727.6
3323.86
4751.92
4448.02
11609.18
1135.09
3698.66
9764.27
2687.63
7920.48
3352.46
1737.76
3918.43
3801.33
4798.47
3138.6
6208.17
1474.48
3391.94
3145.55
5223.03
3822.09
4434.22
7969.75
9137.4
3085.61
6696.23
2280.8
2005.74
3872.2
3231.46
9016.4
1977.63
3120.27
1601.47
2120.92
1961.24
1774.25
3927.91
1278.51
7299.94
5409.49
1690.82
3553.93
4567.67
1610.3
1301.82
2828.99
11091.95
1911.03
3775.2
4784.41
5066.57
3087.92
7892.18
1633.89
1519.64
3080.42
3174.1
1774.1
1611.76
7831.37
6200.27
6069.84
2872.2
5349.37
3020.14
6906.39
2206.07
2679.22
11242.57
3192.0
1190.25
15206.31
1296.61
24433.55
2006.69
5047.04
2056.06
1837.61
2742.42
2490.53
1483.02
10081.43
8310.5
4244.53
2053.79
3235.74
2076.03
1864.17
2874.61
1475.32
5510.82
7194.47
1734.58
2540.18
1270.74
1651.9
5830.2
2726.79
2223.04
5003.49
2900.12
4463.84
4238.32
1928.58
3963.02
3372.49
1887.82
2177.7
1475.33
3344.54
4819.15
5185.84
1363.85
4947.36
2064.9
5405.81
6758.59
1431.81
1407.22
2432.26
3518.51
3265.3
3309.65
2707.03
7941.01
1148.96
12747.65
2141.64
3302.63
9414.87
1779.77
3435.35
1294.79
17423.15
7394.18
3305.4
2531.95
1312.33
4941.2
5903.37
3526.46
6472.99
2191.4
4328.03
5157.42
1550.59
3933.09
5128.88
2278.04
2100.57
6219.39
7567.16
9393.93
1403.9
3802.56
1463.96
1963.58
2911.43
1642.64
57613.94
5332.5
4497.99
2588.13
1161.14
2388.91
4226.87
3475.0
4417.05
5571.84
1999.17
4283.04
1684.45
4538.48
6026.17
2450.09
1252.93
3061.11
4127.63
3418.04
4948.42
2464.15
24186.95
1465.2
1366.87
2032.04
3673.49
4809.75
1723.0
4317.47
1947.38
2414.5
1764.88
1318.21
2690.03
5778.67
2279.15
2467.19
7239.09
4190.91
2242.96
1626.86
1406.97
1942.27
3406.36
1301.2
6240.7
3088.09
7054.83
3484.14
2562.14
3944.43
4134.8
2669.75
4182.45
4029.64
1380.68
17168.44
3380.42
3944.26
1391.79
3078.96
1195.11
1818.85
1591.07
3335.92
4577.1
1583.96
1804.36
4643.66
1356.44
9255.52
4910.24
21753.79
4405.87
3451.96
3424.69
14229.81
21654.13
5181.82
13485.69
3319.67
2984.6
1642.21
2346.96
1485.33
2502.76
3853.51
2075.21
1925.01
1967.17
10252.92
11703.16
3120.84
2166.28
3080.83
1374.37
8767.89
11635.22
5271.33
1860.32
2220.86
5692.73
4454.85
4490.94
4951.6
16549.2
11484.8
2696.23
4320.72
1729.54
12595.49
4256.02
2465.81
5232.1
3834.24
2764.75
10150.25
1177.59
2039.29
1145.22
1919.41
4944.36
10858.01
8376.46
1549.53
14112.2
4881.75
1674.08
1951.92
3459.34
4423.96
4924.69
8611.45
6694.59
1492.19
1876.41
2667.12
2267.18
12052.7
3813.09
1748.91
14956.41
2456.63
2007.74
1455.8
5692.42
5751.06
7527.27
2486.77
3136.04
3472.64
3908.11
1568.43
5516.49
5626.46
3123.85
6051.64
1861.31
2071.66
4855.43
5422.25
1205.34
4463.67
3358.39
3762.6
4684.64
6178.13
1663.69
1659.25
1085.75
2806.36
3985.13
1940.61
1259.84
4225.63
2451.99
4979.87
5984.56
1700.02
5272.61
1778.1
5174.62
2559.79
6483.43
1581.39
2745.61
1179.74
3347.29
2690.15
8884.28
2485.51
4684.09
1840.83
1910.21
4506.03
2341.99
3517.74
1489.19
2250.24
1255.53
3032.84
10085.46
4437.18
26082.64
1961.78
4547.73
6074.97
2734.29
7749.06
1758.82
5693.91
3222.98
1138.27
7421.68
8003.96
1286.0
6050.83
6697.85
2398.18
2442.44
14420.85
2594.93
1589.66
11012.85
1123.88
3467.63
16036.66
2995.25
5407.81
2315.69
5083.61
6938.63
1877.6
1453.86
2626.41
8437.01
5257.87
3865.24
3644.43
2815.19
1437.42
1634.97
3084.91
2396.13
1410.85
1639.55
8462.65
3102.03
3222.61
1353.22
2788.55
3060.27
4055.77
1636.27
1572.83
10975.84
8571.0
3819.29
4011.94
6645.56
2694.86
7709.42
1810.48
1862.99
7746.11
5799.12
19610.03
9501.82
2438.8
7319.33
2277.6
2131.6
2994.98
1751.43
2022.7
2934.08
6311.82
6345.77
3886.17
1216.54
2223.97
3277.48
2940.11
6056.47
7893.19
1769.46
2240.2
1655.49
1134.62
1730.24
2299.5
4600.82
5066.15
8704.09
6174.54
4914.88
1620.31
7950.99
5817.4
4206.97
4731.48
9457.95
2337.7
1397.59
4336.96
3492.88
6721.35
1705.34
5079.86
1602.51
2474.65
4464.03
16965.34
1867.09
5493.05
1562.03
6898.42
1200.8
1791.73
3165.53
1886.11
7518.68
4084.77
9274.41
4209.27
4973.76
1159.51
1448.62
10110.61
3931.68
4266.12
2937.28
5817.28
1737.0
2109.9
4455.92
1681.91
