2404924900
5972925111
8561144346
1110978568
2315591672
3777338647
4825639783
1853249755
7379685393
9718615383
6687381353
8586721338
6604899211
6557084526
2093672067
4052047319
9757240223
8096569613
7763711019
6016102583
2373502106
9944451442
4079285426
4889753712
4125664111
3742686150
1685082049
6189723988
8518704167
2273121822
3941724849
6931268437
4659689896
6732362497
5709230124
1150792804
1981359865
7567474904
4487634618
8236552376
5463966477
9217129564
9498212888
1273599069
1595203905
5487968366
2750859752
8878348765
7320931666
3333628156
8187137471
8861179406
3141994664
1502886676
6236427475
4696173468
6223036444
4673504322
5359015044
7835678022
4121698783
2653510282
6426524102
1807776921
2854901213
4745270631
9452314785
1413904083
2956021899
7879160181
3189770564
3342953248
9391551631
8732616975
5807081706
9139011464
5210107885
7115319979
8164712241
6408527504
5212716196
1238338258
5712939359
2125044713
5599382162
4178678097
4748193643
4078113702
5750634923
8703131249
2157050041
1511687633
6314722204
1377504163
9377415939
3968848670
4175132360
4832688002
2212627162
5182911151
4344103522
5803326715
4225229843
5419860180
3724950056
5454269677
3412223546
6062938723
6982265974
2312173934
4077648035
8269933210
1890373483
5551149367
3914830625
7917419536
9249959901
6885512104
9675170265
5728045637
4477574840
4865760673
9585937998
4105278398
8273349780
4712294536
1698877798
2630281329
8221767150
9479955301
5231112186
8756872651
4621322695
9421321192
1230002412
3485485087
7216645316
1960694514
7039388888
7831515968
3542359073
6115201417
2927876340
1140333486
9556967453
6413702218
2922553996
7562495956
3365067280
8988622853
6765899814
7732143047
7092342376
1348937556
7131832257
7521000103
9905987655
8491141447
3733875446
4343448345
4126129121
2604219570
2300260738
9514731583
9846455279
5808912206
5734472903
5208700302
3670310467
2266593368
5645933311
9257063928
2779008666
8810656747
1078224605
5315077413
6919157685
6186654600
3352680725
8673686744
8623888914
1497754712
8466830194
8518896509
3289030394
6449969048
8480190206
9585950177
2208747279
6641971975
9370368178
3744200206
9035395646
8408436214
8021473915
2698697481
5831254460
3369622900
1081255682
5188927359
9526255642
9774282331
5625811290
2774464587
7613904883
2917584260
3839403265
9022428331
6897508777
7382183316
9800275405
6948830185
1129713118
5274612619
1152301231
1047240266
1382285775
8346105780
4072792471
4768147974
6675643331
1779903605
6134533488
6841186802
6121063099
6797824617
5574536377
5794576251
9883894539
9308286160
7927473153
5466217327
